Port,Shanghai,Singapore,Yantian,Hong Kong,Ningbo,Pusan,Qingdao Gang,Guangzhou,Mina Jabal Ali,Tianjin,Rotterdam,Kelang,Kao-Hsiung,Dalian,Hamburg,Antwerpen,Xiamen,Tanjung Pelepas,Laem Chabang,Ho Chi Minh,Bremerhaven,Jakarta,Lianyungang,Tokyo,Jawaharlal Nehru,Chiwan,Algeciras,Valencia,Khawr Fakkan,Jeddah,Colombo,Santos,Felixstowe,Manila,Constantinopole,Tanger,Balboa,Gioia Tauro,Port Said,Mina Raysut,Shilong,Vancouver,Marsaxlokk,Yokohama Ko,Nagoya Ko,Durban,Kobe,Colon,Le Havre,Melbourne,Cartagena,St Petersburg,Manzanillo (Mex),Yantai,Gwangyang Hang,Sydney,Fuzhou,Genova,Osaka,Dublin,Mumbai,Puerto Del Callao,Barcelona,Rades,Surabaja,Southampton,Dammam,Chittagong,Guayaquil,Kingston,Karachi,Chennai,Bangkok,Alexandria,Taichung,Mersin,Mundra,Manzanillo (Pan),Buenos Aires,South Riding Point,Taipei,La Spezia,Pulau Pinang,Ashdod,Damietta,Gdynia,Haifa,Nanjing,Puerto Moin,Puerto San Antonio,Marseille,Lazaro Cardenas,Da Chan Bay,Cagliari,Jiangyin,Beirut,Itajai,Veracruz,Goteborg,Buenaventura,Valparaiso,Tauranga,Pasir Gudang,Auckland,Caucedo,Izmir,Cristobal,Montevideo,Paranagua,Djibouti,Al Aqabah,Cape Town,Casablanca,Qasim,Qinhuangdao,Doha,Puerto Limon,Rio Grande,Hakata,Gemlik,Piraievs,Altamira,Puerto Cortes,Thilawa,Tuticorin,Dakar,Dar es Salaam,Navegantes,Liverpool,Aliaga,Douala,Santo Tomas,Sines,Napoli,Hai Phong,Bahia San Vicente,Puerto Cabello,Puerto Barrios,Halifax,Haina,Puerto Quetzal,Port Adelaide,Livorno,Vienna,Port De Salvador,Rio de Janeiro,Puerto Caldera,Sepetiba Bay,Budapest,Paita,Vitoria,Acajutla,Mombasa,Pecem,Port Au Prince,Pipavav Bandar,Santa Marta,Barranquilla,Varna,Corinto,Puerto Castilla,Reykjavik,St John,Progreso,Puerto Plata,Santo Domingo,Sendai,Bratislava,Shimizu,All Other Brazil Ports South of Recife,Eemshaven,All Other Chile Ports,All Other India West Coast Ports,All Other Fiji Islands Ports,Coquimbo,Asuncion,Kleinhuningen,Cebu,Izmit,All Other Vietnam Ports,Semarang,All Other Turkey Mediterranean Ports,All Other Norway Ports,Tema,All Other Nicaragua Caribbean Region Ports,Palembang,Abidjan,San Pedro,Belawan,Davao,All Ports in Cambodia,Klaipeda,Aarhus,Rauma,Koper,Ringaskiddy,Tallinn,constanta,Riga,Fredericia,Hawaii,Alaska,North Pacific,Central Pacific,South Pacific,East Gulf of Mexico,West Gulf of Mexico,Central Florida,South Atlantic,North AtlanticShanghai,0,4602.840701,1715.173797,1715.173797,218.0239688,1086.512066,887.3245184,1975.065132,12379.87836,1326.338432,14208.74474,5132.163099,1087.740613,1136.181733,14188.17089,14369.29674,1038.070947,4722.753883,4800.29082,3802.858691,13970.14692,5003.727948,846.6857002,2273.592012,10036.55171,31687.98194,16157.68003,17194.52243,12289.56988,15326.24578,8177.924908,24616.24866,14249.38356,2115.552164,18768.13638,16346.0993,18972.13744,18353.79017,17031.16018,12220.55491,3174.19696,10696.10175,18453.1295,2273.592012,2004.66983,18716.44063,1814.513131,29875.10948,14400.12999,11477.30239,18837.66023,15494.78806,18343.49852,748.5749142,916.9292164,14422.67486,896.3553668,17733.6504,1814.513131,13990.72077,10036.55171,20448.65836,16985.07549,18112.22637,5111.589249,14568.48429,12989.70367,6629.312927,19471.80008,18307.82895,10975.28333,7918.033574,4822.093217,17320.65621,916.9292164,17768.96682,10883.23741,18343.49852,29288.10433,17358.78288,578.9920647,17733.6504,4751.849701,17099.66627,17031.16018,14784.77083,17359.5576,1677.047132,18304.06544,23042.07077,17462.99079,14910.61596,1975.065132,17852.33504,477.9153031,17291.05152,25315.1539,17376.87683,13948.34453,20472.76213,23042.07077,12707.50106,4602.840701,12536.68966,17780.24398,18207.98073,18783.71817,27629.89362,25195.24072,14166.52422,16573.30985,22140.72335,16347.83673,10975.28333,1256.094915,12890.36434,18304.06544,26444.04222,1087.740613,18866.24716,18307.82895,17974.70531,18734.04851,5659.748068,8277.773123,18622.65729,15696.80866,25315.1539,14039.16189,18207.98073,24063.66172,18425.71605,15748.27082,18113.9638,2704.803625,23000.92307,18698.40174,18425.71605,14760.61201,17898.41973,16857.81383,13053.72659,17951.67437,19018.84113,22230.03688,24006.42335,22526.0288,24295.91938,20012.23447,19241.00457,23208.17877,16887.41852,15408.54118,20381.66947,17780.24398,10324.8192,18717.74704,18569.96659,19126.1385,17248.38662,19025.51556,12988.53018,14902.32759,18315.60844,17590.08728,17780.24398,2684.229775,19515.5378,1405.103915,22038.65164,13920.47726,23042.07077,10785.12663,10748.97098,22675.0378,37687.97244,17880.86692,2345.064076,18956.55565,2753.244744,5152.736948,17580.54755,12278.08193,22255.93313,18444.04359,4961.351702,21517.61761,32975.8083,5229.765004,3091.901562,4243.101152,15004.02335,13800.56407,14854.50547,18638.58279,14209.97329,15383.82786,19057.63241,15383.82786,13988.98334,10003.92598,9617.391984,10387.76929,11198.06576,11847.30134,18603.87593,18611.40294,17697.94858,17028.13915,16088.17899Singapore,4602.840701,0,3154.131992,3154.131992,4651.28182,5490.6741,5490.165219,3244.440476,8595.856091,5929.179132,18612.90678,529.3223981,3713.778754,5739.022433,18592.33293,18773.45878,3564.769754,119.9131829,1694.599948,1486.890433,18374.30896,967.8274304,5449.526401,6677.754046,6252.529444,28020.28788,17572.53446,16872.40067,8505.547606,11542.22351,4294.563305,27874.47844,18653.54559,3291.089109,14984.11411,17620.97558,23376.29948,15165.74884,13247.13791,8436.532637,4233.350637,15100.26378,15265.08817,6677.754046,6408.831864,14932.41836,6218.675165,33133.33926,18804.29202,12662.31456,23241.82226,19898.9501,22747.66055,5351.415615,5321.09125,18826.83689,4042.685057,16083.9066,6218.675165,18394.88281,6252.529444,24852.8204,16534.46351,15842.85169,1947.706743,18972.64632,9205.681401,3213.552173,23875.96212,22711.99098,7191.261057,4432.029304,1646.158828,13536.63394,3882.133056,13984.94455,7099.215144,22747.66055,32546.33411,21762.94491,4023.848636,16083.9066,938.7316133,13315.644,13247.13791,19188.93286,13575.53533,6279.887832,22708.22747,27446.23281,16492.08727,19314.778,3244.440476,15863.42554,5080.756004,13507.02925,28573.38369,21781.03886,18352.50656,24876.92416,27446.23281,15425.8187,50,15255.00731,22184.40601,14423.95846,23187.88021,30888.1234,28453.47051,10382.50195,12789.28758,18356.70108,18031.61334,7191.261057,5858.935616,9106.342068,22708.22747,29702.272,5491.902647,15082.22489,14523.80668,22378.86735,23138.21054,2413.570164,4663.333702,20616.50378,11912.78639,28573.38369,18443.32393,14423.95846,23715.41012,22829.87809,17981.94368,15504.91454,2775.047141,27405.08511,23102.56377,22829.87809,19164.77404,22302.58177,21261.97586,10735.69055,16132.34772,19469.34299,25488.26667,27264.65313,26930.19084,27554.14917,20056.34814,23645.1666,26466.40855,21291.58056,11624.51891,24342.33442,22184.40601,6540.796929,23121.90908,22974.12862,15342.11623,21652.54865,23429.67759,17392.69222,19306.48962,22719.77048,21994.24931,22184.40601,7088.391809,19559.65148,5809.265949,25296.88142,18324.63929,27446.23281,7001.104358,13607.77566,27079.19984,40946.20222,19287.19938,3461.900506,15172.53338,2963.466412,1637.636861,13796.52528,16682.24397,24249.77963,22848.20563,557.1896678,23511.46411,36234.03808,1107.085915,4010.568207,1207.653796,19408.18538,18204.72611,19258.6675,15962.25599,18614.13532,19787.9899,15273.61014,19787.9899,18393.14538,14408.08802,14021.55402,14791.93133,15602.22779,16251.46337,23008.03796,23015.56497,22102.11061,21432.30118,20492.34102Yantian,1715.173797,3154.131992,0,35.87228359,1763.614917,2603.007197,2602.498316,526.3564225,10931.16965,3041.512229,15725.23987,3683.45439,966.598883,2851.35553,15704.66602,15885.79187,677.1028507,3274.045174,3351.582111,2354.149982,15486.64205,3555.019239,2561.859497,3790.087143,8587.843005,30355.60144,17674.17516,18711.01756,10840.86117,13877.53707,6729.216199,26132.74379,15765.87869,1585.001219,17319.42767,17862.59443,20488.63257,17501.0624,15582.45147,10771.8462,1725.488251,12212.59688,17600.40173,3790.087143,3521.16496,17267.73192,3331.008261,31391.60461,15916.62512,12431.8494,20354.15536,17011.28319,19859.99365,2463.748711,2433.424347,15939.16999,1155.018154,18419.22016,3331.008261,15507.2159,8587.843005,21965.15349,18501.57062,18178.16525,4014.098121,16084.97942,11540.99496,5180.604218,20988.29522,19824.32408,9526.574618,6469.324865,3373.384508,15871.9475,1035.104971,16320.25811,9434.528705,19859.99365,30804.59946,18875.27801,1136.181733,18419.22016,3303.140991,15650.95756,15582.45147,16301.26596,15910.84889,3392.220929,19820.56057,24558.5659,18827.40083,16427.1111,526.3564225,18198.7391,2193.0891,15842.34281,26831.64904,18893.37196,15464.83966,21989.25726,24558.5659,13662.04806,3154.131992,13491.23666,19296.73911,16759.27202,20300.2133,29146.38875,26711.73585,12717.81551,15124.60114,20692.01464,17864.33186,9526.574618,2971.268713,11441.65563,19820.56057,27960.53735,2604.235744,17417.53845,16859.12024,19491.20045,20250.54364,4211.039359,6829.064414,20139.15242,14248.09995,26831.64904,15555.65702,16759.27202,25580.15685,19942.21118,17264.76595,17840.2281,1256.094915,24517.4182,20214.89687,19942.21118,16277.10714,19414.91486,18374.30896,13012.81248,18467.66128,20535.33626,23746.53201,25522.91848,24042.52393,25812.41451,21528.7296,20757.4997,24724.6739,18403.91365,13959.83247,21898.1646,19296.73911,8876.11049,20234.24217,20086.46172,17677.42979,18764.88175,20542.01069,14505.02531,16418.82272,19832.10357,19106.58241,19296.73911,4200.724906,21032.03293,2921.599046,23555.14677,15436.97239,24558.5659,9336.417919,11703.51798,24191.53293,39204.46757,19397.36205,2095.487195,17507.84694,1304.536035,3704.028239,16131.83884,13794.57706,23772.42826,19960.53872,3512.642993,23034.11274,34492.30343,3781.056295,3041.512229,2794.392443,16520.51848,15317.0592,16371.0006,18297.56955,15726.46842,16900.32299,17608.9237,16900.32299,15505.47847,11520.42111,11133.88711,11904.26443,12714.56089,13363.79647,20120.37106,20127.89807,19214.44371,18544.63428,17604.67412Hong Kong,1715.173797,3154.131992,35.87228359,0,1763.614917,2603.007197,2602.498316,526.3564225,10931.16965,3041.512229,15725.23987,3683.45439,966.598883,2851.35553,15704.66602,15885.79187,677.1028507,3274.045174,3351.582111,2354.149982,15486.64205,3555.019239,2561.859497,3790.087143,8587.843005,30355.60144,17674.17516,18711.01756,10840.86117,13877.53707,6729.216199,26132.74379,15765.87869,1585.001219,17319.42767,17862.59443,20488.63257,17501.0624,15582.45147,10771.8462,1725.488251,12212.59688,17600.40173,3790.087143,3521.16496,17267.73192,3331.008261,31391.60461,15916.62512,12431.8494,20354.15536,17011.28319,19859.99365,2463.748711,2433.424347,15939.16999,1155.018154,18419.22016,3331.008261,15507.2159,8587.843005,21965.15349,18501.57062,18178.16525,4014.098121,16084.97942,11540.99496,5180.604218,20988.29522,19824.32408,9526.574618,6469.324865,3373.384508,15871.9475,1035.104971,16320.25811,9434.528705,19859.99365,30804.59946,18875.27801,1136.181733,18419.22016,3303.140991,15650.95756,15582.45147,16301.26596,15910.84889,3392.220929,19820.56057,24558.5659,18827.40083,16427.1111,526.3564225,18198.7391,2193.0891,15842.34281,26831.64904,18893.37196,15464.83966,21989.25726,24558.5659,13662.04806,3154.131992,13491.23666,19296.73911,16759.27202,20300.2133,29146.38875,26711.73585,12717.81551,15124.60114,20692.01464,17864.33186,9526.574618,2971.268713,11441.65563,19820.56057,27960.53735,2604.235744,17417.53845,16859.12024,19491.20045,20250.54364,4211.039359,6829.064414,20139.15242,14248.09995,26831.64904,15555.65702,16759.27202,25580.15685,19942.21118,17264.76595,17840.2281,1256.094915,24517.4182,20214.89687,19942.21118,16277.10714,19414.91486,18374.30896,13012.81248,18467.66128,20535.33626,23746.53201,25522.91848,24042.52393,25812.41451,21528.7296,20757.4997,24724.6739,18403.91365,13959.83247,21898.1646,19296.73911,8876.11049,20234.24217,20086.46172,17677.42979,18764.88175,20542.01069,14505.02531,16418.82272,19832.10357,19106.58241,19296.73911,4200.724906,21032.03293,2921.599046,23555.14677,15436.97239,24558.5659,9336.417919,11703.51798,24191.53293,39204.46757,19397.36205,2095.487195,17507.84694,1304.536035,3704.028239,16131.83884,13794.57706,23772.42826,19960.53872,3512.642993,23034.11274,34492.30343,3781.056295,3041.512229,2794.392443,16520.51848,15317.0592,16371.0006,18297.56955,15726.46842,16900.32299,17608.9237,16900.32299,15505.47847,11520.42111,11133.88711,11904.26443,12714.56089,13363.79647,20120.37106,20127.89807,19214.44371,18544.63428,17604.67412Ningbo,218.0239688,4651.28182,1763.614917,1763.614917,0,1304.536035,1105.348487,2023.506251,12428.31948,1544.3624,14426.76871,5180.604218,1136.181733,1354.205701,14406.19486,14587.32071,1086.512066,4771.195003,4848.731939,3851.299811,14188.17089,5052.169068,1064.709669,2491.615981,10084.99283,31852.75127,16375.704,17412.5464,12338.011,15374.6869,8226.366028,24834.27263,14467.40753,2163.993283,18816.57749,16564.12327,19190.16141,18571.81413,17079.6013,12268.99603,3222.638079,10914.12572,18671.15347,2491.615981,2222.693798,18764.88175,2032.537099,30093.13345,14618.15396,11625.08285,19055.68419,15712.81203,18561.52249,966.598883,1134.953185,14640.69883,944.7964862,17951.67437,2032.537099,14208.74474,10084.99283,20666.68233,17203.09946,18330.25034,5160.030368,14786.50826,13038.14479,6677.754046,19689.82405,18525.85292,11023.72445,7966.474693,4870.534336,17369.09733,965.3703357,17817.40794,10931.67853,18561.52249,29506.1283,17576.80685,627.433184,17951.67437,4800.29082,17148.10739,17079.6013,15002.7948,17407.99872,1895.071101,18522.08941,23260.09474,17681.01476,15128.63993,2023.506251,18070.35901,695.939272,17339.49264,25533.17787,17594.9008,14166.36849,20690.7861,23260.09474,12855.28151,4651.28182,12684.47012,17998.26795,18256.42185,19001.74214,27847.91758,25413.26469,14214.96534,16621.75097,22189.16447,16565.8607,11023.72445,1474.118884,12938.80546,18522.08941,26662.06619,1305.764582,18914.68828,18356.27007,18192.72928,18952.07247,5708.189188,8326.214242,18840.68126,15745.24978,25533.17787,14257.18586,18256.42185,24281.68569,18643.74002,15966.29478,18331.98777,2753.244744,23218.94704,18916.42571,18643.74002,14978.63598,18116.4437,17075.8378,13201.50704,18169.69834,19236.8651,22448.06085,24224.44732,22744.05277,24513.94335,20230.25844,19459.02854,23426.20273,17105.44249,15456.9823,20599.69344,17998.26795,10373.26032,18935.77101,18787.99056,19174.57962,17466.41059,19243.53953,13206.55415,15120.35156,18533.63241,17808.11125,17998.26795,2902.253744,19733.56177,1623.127884,22256.6756,14138.50122,23260.09474,10833.56775,10896.75143,22893.06177,37905.99641,18098.89088,2393.505195,19004.99677,2801.685863,5201.178068,17628.98867,12496.1059,22473.9571,18662.06756,5009.792821,21735.64158,33193.83227,5278.206123,3140.342681,4291.542271,15222.04732,14018.58804,15072.52943,18856.60676,14427.99726,15601.85183,19106.07353,15601.85183,14207.00731,10221.94995,9835.415953,10605.79326,11416.08973,12065.32531,18821.8999,18829.42691,17915.97255,17246.16312,16306.20296Pusan,1086.512066,5490.6741,2603.007197,2603.007197,1304.536035,0,1295.505186,2862.898531,13267.71176,1564.93625,13359.09307,6019.996498,1876.234679,1304.536035,13338.51922,13519.64507,1925.904346,5610.587283,5688.124219,4690.692091,13120.49525,5891.561348,1354.205701,1734.010219,10924.38511,30838.33026,15308.02836,16344.87075,13177.40328,16214.07918,9065.758308,23766.59698,13399.73188,2904.04623,19278.78753,15496.44763,18122.48577,17504.13849,17918.99358,13108.38831,4062.030359,9846.450073,17603.47782,1734.010219,1155.018154,19604.27403,1105.348487,29025.4578,13550.47831,11563.3613,17988.00855,14645.13639,17493.84684,987.1727326,436.0479377,13573.02318,1784.188766,16883.99873,1105.348487,13141.0691,10924.38511,19599.00669,16135.42381,17262.5747,5900.083315,13718.83261,13877.53707,7517.146326,18622.14841,17458.17727,11863.11673,8805.866973,5709.926616,18208.48961,1804.762616,18656.80022,11771.07081,17493.84684,28438.45265,16509.1312,1466.825464,16883.99873,5639.6831,17987.49967,17918.99358,13935.11915,18247.391,2523.732832,17454.41376,22192.4191,16613.33911,14060.96429,2862.898531,17002.68336,1324.601003,18178.88491,24465.50223,16527.22515,13098.69285,19623.11045,22192.4191,12197.52396,5490.6741,12026.71257,16930.5923,18950.3901,17934.0665,26780.24194,24345.58905,15054.35762,17461.14325,23028.55675,15498.18505,11863.11673,1494.692734,13778.19774,17454.41376,25594.39054,337.9371517,19376.89831,18581.61971,17125.05364,17884.39683,6547.581468,9165.606522,17773.00561,16584.64206,24465.50223,13189.51022,18950.3901,23214.01005,17576.06438,14898.61914,17264.31212,3592.637024,22151.2714,17848.75006,17576.06438,13910.96033,17048.76806,16008.16215,13139.78549,17102.02269,18169.18946,21380.38521,23156.77167,21676.37713,23446.2677,19162.58279,18391.35289,22358.52709,16037.76685,16296.37458,19532.0178,16930.5923,11212.6526,17868.09537,17720.31491,19636.78965,16398.73494,18175.86388,12138.87851,14052.67591,17465.95677,16740.4356,16930.5923,1943.003339,18665.88612,895.1268195,21188.99996,13070.82558,22192.4191,11672.96003,10238.99389,21825.38613,36838.32076,17031.21524,3133.558142,19467.2068,3641.078143,6040.570348,18468.38095,11428.43026,21406.28146,17594.39192,5849.185101,20667.96594,32126.15662,6117.598403,3739.908595,5130.934551,14154.37167,12950.9124,14004.85379,17788.93112,13360.32161,14534.17619,19568.28356,14534.17619,13139.33167,9154.274306,8767.740308,9538.117619,10348.41408,10997.64966,17754.22425,17761.75126,16848.2969,16178.48747,15238.52731Qingdao Gang,887.3245184,5490.165219,2602.498316,2602.498316,1105.348487,1295.505186,0,2862.38965,13267.20288,605.6307872,14215.58434,6019.487617,1975.065132,555.9611205,14195.01049,14376.13634,1925.395465,5610.078402,5687.615338,4690.18321,13976.98652,5891.052467,616.6649073,2693.315681,10923.87623,31694.82153,16164.51963,17201.36203,13176.89439,16213.5703,9065.249427,24623.08825,14256.22316,3002.876682,19655.46089,16352.9389,19078.31637,18360.62976,17918.4847,13107.87943,4061.521478,10802.28068,18459.9691,2693.315681,2213.66295,19603.76515,2163.993283,29881.94907,14406.96958,12294.3834,18844.49982,15501.62766,18350.33811,308.3324536,1096.317639,14429.51445,1783.679885,17740.49,2163.993283,13997.56037,10923.87623,20554.83729,16991.91508,18119.06597,5998.913767,14575.32389,13877.02819,7516.637445,19577.97902,18314.66854,11862.60785,8805.358092,5709.417735,18207.98073,1804.253735,18656.29134,11770.56193,18350.33811,29294.94392,17365.62248,1466.316583,17740.49,5639.174219,17986.99079,17918.4847,14791.61043,18246.88212,1845.401434,18410.24437,23148.2497,17469.83039,15016.79489,2862.38965,17859.17463,1026.074122,18178.37603,25321.9935,17483.05576,13955.18412,20578.94106,23148.2497,13127.22473,5490.165219,12956.41333,17787.08357,19095.30525,18889.8971,27636.73321,25202.08032,15053.84874,17460.63437,23028.04787,16354.67633,11862.60785,605.6307872,13777.68886,18410.24437,26450.88181,1366.97725,19753.57168,19195.15346,18080.88424,18840.22744,6547.072587,9165.097641,18629.49689,16584.13318,25321.9935,14046.00149,19095.30525,24070.50132,18531.89498,15755.11041,18120.8034,3592.128143,23107.102,18705.24134,18531.89498,14767.45161,17905.25933,16963.99276,13870.80759,17958.51397,19025.68073,22236.87648,24013.26294,22632.20773,24302.75898,20019.07406,19347.1835,23215.01836,16993.59745,16295.8657,20388.50907,17787.08357,11212.14372,18724.58664,18576.80619,20013.46301,17354.56555,19032.35515,12995.36978,14909.16719,18421.78737,17596.92687,17787.08357,2998.173278,19522.3774,1824.827584,22045.49123,13927.31685,23148.2497,11672.45115,11168.69465,22781.21673,37694.81203,17887.70651,3232.388594,19843.88016,3640.569262,6040.061467,18467.87207,12284.92153,22262.77273,18550.22252,5848.67622,21524.45721,32982.64789,6117.089522,3908.982564,5130.42567,15010.86294,13807.40367,14861.34506,18645.42239,14216.81289,15390.66746,19944.95693,15390.66746,13995.82294,10209.44425,9723.570914,10493.94823,11304.24469,11953.48027,18710.05486,18618.24254,17704.78818,17034.97874,16095.01858Guangzhou,1975.065132,3244.440476,526.3564225,526.3564225,2023.506251,2862.898531,2862.38965,0,11021.47814,3301.403563,15985.13121,3773.762874,1226.490217,3111.246864,15964.55736,16145.68321,936.994185,3364.353659,3441.890596,2444.458467,15746.53339,3645.327724,2821.750832,4049.978477,8678.151489,30445.90992,17934.0665,18970.9089,10931.16965,13967.84556,6819.524684,26392.63512,16025.77002,1745.55322,17409.73615,18122.48577,20748.52391,17591.37088,15672.75996,10862.15468,1199.131829,12472.48821,17690.71022,4049.978477,3781.056295,17358.04041,3590.899596,31651.49594,16176.51645,12691.74073,20614.04669,17271.17453,20119.88498,2723.640046,2693.315681,16199.06132,1414.909488,18509.52865,3590.899596,15767.10724,8678.151489,22225.04483,18761.46195,18268.47373,4104.406606,16344.87075,11631.30345,5270.912703,21248.18655,20084.21541,9616.883103,6559.63335,3463.692992,15962.25599,1294.996305,16410.56659,9524.83719,20119.88498,31064.49079,19135.16934,1396.073067,18509.52865,3393.449476,15741.26604,15672.75996,16561.1573,16001.15738,3652.112263,20080.45191,24818.45724,18917.70931,16687.00243,91.64676668,18289.04758,2452.980435,15932.65129,27091.54037,19153.26329,15724.73099,22249.14859,24818.45724,13921.93939,3244.440476,13751.128,19556.63044,16849.58051,20560.10464,29406.28008,26971.62719,12808.124,15214.90962,20782.32313,18124.2232,9616.883103,3231.160047,11531.96411,20080.45191,28220.42868,2864.127078,17507.84694,16949.42872,19751.09178,20510.43497,4301.347844,6919.372898,20399.04376,14338.40844,27091.54037,15815.54836,16849.58051,25840.04819,20202.10252,17524.65728,17930.53658,1346.4034,24777.30954,20474.78821,20202.10252,16536.99847,19674.8062,18634.20029,13103.12096,18557.96977,20795.2276,24006.42335,25782.80981,24302.41527,26072.30584,21788.62093,21017.39103,24984.56523,18663.80499,14050.14095,22158.05594,19556.63044,8966.418974,20494.13351,20346.35305,17767.73827,19024.77309,20801.90202,14764.91665,16678.71405,20091.99491,19366.47374,19556.63044,4460.61624,21291.92427,3181.49038,23815.0381,15696.86372,24818.45724,9426.726404,11963.40932,24451.42427,39464.3589,19657.25338,2256.039196,17598.15542,1394.84452,3794.336724,16222.14732,14054.4684,24032.3196,20220.43006,3602.951478,23294.00408,34752.19476,3871.364779,3202.06423,2884.700928,16780.40981,15576.95054,16630.89193,18387.87804,15986.35975,17160.21433,17699.23218,17160.21433,15765.36981,11780.31245,11393.77845,12164.15576,12974.45222,13623.6878,20380.26239,20387.7894,19474.33504,18804.52561,17864.56545Mina Jabal Ali,12379.87836,8595.856091,10931.16965,10931.16965,12428.31948,13267.71176,13267.20288,11021.47814,0,13706.21679,13603.96654,8066.533693,11490.81641,13516.06009,14063.04542,13554.29688,11341.80741,8475.942908,8044.731296,9263.928093,13845.02146,9563.683522,13226.56406,14454.79171,2583.153013,21678.73355,11230.98014,10530.84634,526.3564225,5200.669187,4538.153176,21532.92412,13404.77899,11249.25262,8642.559782,11279.42126,21391.20854,8824.194514,6905.583588,2094.978314,12010.3883,22877.30144,8923.533847,14454.79171,14185.86952,9286.239371,13995.71283,26791.78494,13046.77687,21258.17066,20783.12066,15857.75943,20288.95895,13128.45328,13098.12891,16268.79596,11819.72272,9742.352278,13995.71283,13187.26391,2583.153013,24283.71177,10192.90919,9501.297364,10543.56283,13144.88766,846.6857002,6785.106466,22970.14489,20253.28938,1755.812615,5137.21021,7993.324201,7195.07962,11659.17072,7643.390226,2242.758767,20288.95895,26204.77979,19304.24331,11800.8863,9742.352278,7826.707327,6974.089676,6905.583588,14761.95067,7233.98101,14056.92549,21371.86324,26877.12418,10150.53295,24528.07637,11021.47814,9521.871214,12857.79366,7165.474922,22231.82937,21795.35041,14442.84994,23207.51416,26877.12418,23624.31746,8595.856091,23453.50607,19357.44289,8082.404139,21173.18457,24546.56908,22111.91619,4040.947629,6447.733254,12710.52209,11690.05902,1755.812615,13635.97328,647.4981526,21371.86324,23360.71768,13268.94031,8740.670568,8182.252353,21984.27856,21190.22851,7394.986834,4338.965629,14274.94946,5869.25007,22231.82937,13375.68318,8082.404139,18069.23113,21498.56096,11640.38935,9163.360213,10552.0848,27090.31182,19878.24332,21498.56096,16746.71126,19545.86216,23124.70988,19331.54664,9790.793397,13127.78867,19146.71235,20923.09881,26361.08221,21212.59484,13714.79382,23090.05807,20124.85423,22884.88351,5580.982585,18000.7801,19626.36508,2462.011283,20563.86814,20515.42702,9000.561903,22497.27669,20970.97599,14835.66904,16847.78802,20856.6188,19336.86904,19357.44289,14865.42947,13218.09715,13586.30361,18955.3271,13725.10827,26877.12418,1975.065132,21736.0309,26510.09121,34604.6479,12945.64505,11660.39926,8830.979053,10740.50407,10233.49295,7454.970955,16440.22635,17908.2253,21132.03687,9153.045759,17169.90979,29892.48376,7725.630566,12209.06696,8136.777209,14981.20319,14254.43067,15361.0077,9620.701666,13166.69006,15361.0077,8932.055815,15361.0077,14232.62827,22185.12568,21798.59168,22568.96899,23379.26545,24028.50103,21466.49917,20556.86337,19643.40901,18973.59958,18033.63942Tianjin,1326.338432,5929.179132,3041.512229,3041.512229,1544.3624,1564.93625,605.6307872,3301.403563,13706.21679,0,14485.0154,6458.50153,2414.079045,695.939272,14464.44155,14645.5674,2364.409378,6049.092315,6126.629252,5129.197123,14246.41758,6330.06638,1222.295694,2962.746745,11362.89015,31964.2526,16433.95069,17470.79309,13615.90831,16652.58421,9504.26334,24892.51932,14525.65422,3441.890596,20094.47481,16622.36996,19347.74744,18630.06083,18357.49861,13546.89334,4500.535392,11071.71174,18729.40016,2962.746745,2483.094014,20042.77906,2433.424347,30151.38014,14676.40065,12663.15379,19113.93089,15771.05872,18619.76918,577.7635174,1365.748702,14698.94552,2222.693798,18009.92106,2433.424347,14266.99143,11362.89015,20824.26836,17261.34615,18388.49703,6437.927681,14844.75495,14316.0421,7955.651359,19847.41008,18584.09961,12301.62176,9244.372006,6148.431648,18646.99465,2243.267648,19095.30525,12209.57585,18619.76918,29564.37499,17635.05354,1905.330496,18009.92106,6078.188132,18426.0047,18357.49861,15061.04149,18685.89604,2421.427523,18679.67543,23417.68077,17739.26145,15286.22596,3301.403563,18128.6057,1465.088036,18617.38995,25591.42457,17752.48682,14224.61519,20848.37212,23417.68077,13396.65579,5929.179132,13225.8444,18056.51464,19534.31916,19159.32817,27906.16428,25471.51138,15492.86265,17899.64828,23467.06178,16624.10739,12301.62176,436.0479377,14216.70277,18679.67543,26720.31288,1636.408314,20192.58559,19634.16738,18350.31531,19109.6585,6986.0865,9604.111554,18898.92795,17023.14709,25591.42457,14315.43255,19534.31916,24339.93238,18801.32605,16024.54148,18390.23446,4031.142056,23376.53307,18974.6724,18801.32605,15036.88267,18174.69039,17233.42382,14239.57799,18227.94503,19295.11179,22506.30754,24282.69401,22901.6388,24572.19004,20288.50513,19616.61456,23484.44943,17263.02852,16734.87961,20657.94013,18056.51464,11651.15763,18994.0177,18846.23725,20452.47693,17623.99661,19301.78622,13264.80084,15178.59825,18691.21844,17866.35794,18056.51464,3267.604342,19791.80846,2094.258648,22314.9223,14196.74792,23417.68077,12111.46506,11438.12571,23050.6478,37964.2431,18157.13758,3671.402508,20282.89408,4079.583175,6479.07538,18906.88598,12554.35259,22532.20379,18819.65359,6287.690133,21793.88827,33252.07896,6556.103435,4277.752961,5569.439584,15280.29401,14076.83473,15130.77613,18914.85345,14486.24395,15660.09852,20383.97084,15660.09852,14265.25401,10478.87531,9993.001978,10763.37929,11573.67575,12222.91133,18979.48592,18887.6736,17974.21924,17304.40981,16364.44965Rotterdam,14208.74474,18612.90678,15725.23987,15725.23987,14426.76871,13359.09307,14215.58434,15985.13121,13603.96654,14485.0154,0,19142.22917,14899.12802,14025.93652,695.939272,526.3564225,15048.13702,18732.81996,18810.35689,17812.92477,477.9153031,19013.79402,14385.16719,12768.04912,14424.5224,18113.9638,2753.244744,3719.389804,13513.65806,8403.297355,15887.81795,12054.73556,436.0479377,15926.93957,6554.421065,2941.664015,10662.24747,4779.772028,6698.382954,11508.98823,17184.26303,11993.34436,4879.111362,12768.04912,12908.53615,17840.28315,13028.44933,17313.59638,557.1896678,22130.69755,10054.15959,2490.653277,9559.99788,13907.25188,13558.28061,5539.834886,14906.42144,4159.632264,13028.44933,1106.577035,14424.5224,13554.7507,3411.05735,4538.208234,18922.97666,725.54397,14213.79185,18134.77124,12241.18382,9524.328309,13696.52134,16486.87498,18832.15929,6508.226255,14926.99529,7325.307257,14084.12815,9559.99788,16726.59123,8575.282242,14589.05814,4159.632264,18761.91578,7135.659439,6698.382954,1394.84452,7185.329106,15613.90371,10642.90217,16148.16311,3888.972653,13799.11529,15985.13121,4278.3169,14446.83368,7016.974803,12753.64081,11066.38934,1105.348487,12478.55309,16148.16311,19486.66222,18612.90678,19558.13428,8628.481823,6226.023643,10444.2235,15068.38052,12633.72763,9939.857455,7296.21144,14470.04316,2943.401443,13696.52134,14315.43255,14114.45252,10642.90217,13882.52912,13220.34346,6652.531851,5857.253246,11255.31749,10461.26744,18744.65161,15688.6304,5218.222003,14423.29385,12753.64081,1155.018154,6226.023643,10659.22644,10769.59989,2343.835529,4539.945663,16714.8697,16361.35075,9149.282253,10769.59989,5977.111371,8816.901094,12395.74881,23707.12174,4377.656233,5628.914823,9668.523789,11444.91025,15632.12114,11734.40629,6622.308156,12361.097,10646.66567,12155.92244,14135.02637,8522.591541,8897.404006,14303.38067,9834.907072,9786.465952,6912.423185,11768.31562,10242.01492,2491.615981,6118.82695,10127.65773,8607.907973,8628.481823,12120.55097,6125.61149,13397.21973,9477.138542,387.6068183,16148.16311,13816.43452,16932.09614,15781.13014,25126.45934,4008.321897,16156.45148,6742.840336,16763.31082,19162.80302,7136.887986,3272.307746,8851.497845,10403.0758,18971.41778,8113.182326,20414.2952,19075.29534,16663.4626,18253.16723,1614.097036,916.9292164,1993.901553,5064.564657,1355.434249,1993.901553,6843.917097,1993.901553,865.5221215,12711.03097,10914.6346,11685.01191,12495.30837,13144.54395,10737.5381,9827.9023,8914.447941,8244.63851,7304.67835Kelang,5132.163099,529.3223981,3683.45439,3683.45439,5180.604218,6019.996498,6019.487617,3773.762874,8066.533693,6458.50153,19142.22917,0,4243.101152,6268.344831,19121.65532,19302.78117,4094.092152,409.4092152,1446.251614,2016.212831,18903.63135,1497.149828,5978.848799,7207.076445,5723.207045,27490.96548,17043.21206,16343.07827,7976.225208,11012.90111,3765.240907,27345.15605,19182.86799,3820.411507,14454.79171,17091.65318,23905.62187,14636.42644,12717.81551,7907.210239,4762.673035,15629.58618,14735.76577,7207.076445,6938.154262,14403.09596,6747.997563,32604.01687,18859.0088,13191.63696,23771.14466,20428.27249,23276.98295,5880.738013,5850.413649,19356.15929,4572.007455,15554.5842,6747.997563,18924.2052,5723.207045,25382.1428,16005.14112,15313.52929,2477.029141,18957.11959,8676.359003,2684.229775,24405.28452,23241.31338,6661.938659,3902.706906,1397.810495,13007.31155,4411.455454,13455.62215,6569.892746,23276.98295,32017.01171,22292.26731,4553.171034,15554.5842,409.4092152,12786.3216,12717.81551,19718.25526,13046.21294,6809.21023,23237.54987,27975.55521,15962.76487,19844.1004,3773.762874,15334.10314,5610.078402,12977.70685,28044.06129,22310.36126,18881.82896,25406.24656,27975.55521,15955.1411,529.3223981,15784.32971,22713.72841,13894.63606,23717.2026,30358.801,27924.14811,9853.179554,12259.96518,17827.37868,17502.29095,6661.938659,6388.258014,8577.01967,23237.54987,29172.94961,6021.225045,14552.90249,13994.48428,22908.18975,23667.53294,1884.756647,4134.011304,20087.18139,11383.46399,28044.06129,18972.64632,13894.63606,23186.08772,23359.20048,17452.62128,14975.59214,3304.369539,27934.40751,23631.88617,23359.20048,19694.09644,22831.90416,21791.29826,11265.01295,15603.02532,18940.02059,24958.94427,26735.33074,27459.51324,27024.82677,19527.02574,24174.489,25937.08615,21820.90296,11095.19651,23813.01202,22713.72841,6011.47453,23651.23147,23503.45102,14812.79383,22181.87105,23958.99999,17922.01461,19835.81202,23249.09287,22523.57171,22713.72841,7617.714207,19030.32908,6338.588347,24767.55902,18853.96169,27975.55521,6471.78196,14137.09806,27608.52224,40416.87983,18757.87698,3991.222904,14643.21098,3492.78881,2166.959259,13267.20288,17211.56637,23720.45723,23377.52802,1086.512066,22982.14171,35704.71569,577.7635174,4539.890605,1157.984129,19937.50778,18734.04851,19787.9899,15432.93359,18978.92198,20317.3123,14744.28774,20317.3123,18922.46778,14937.41041,14550.87642,15321.25373,16131.55019,16780.78577,23537.36036,23544.88737,22631.43301,21961.62358,21021.66342Kao-Hsiung,1087.740613,3713.778754,966.598883,966.598883,1136.181733,1876.234679,1975.065132,1226.490217,11490.81641,2414.079045,14899.12802,4243.101152,0,2223.922346,14878.55417,15059.68002,359.7395486,3833.691937,3911.228873,2913.796745,14660.5302,4114.666002,1934.426313,2963.975292,9147.489767,30915.2482,16848.06331,17884.90571,11400.50793,14437.18383,7288.862962,25306.63194,14939.76684,1127.150884,17879.07443,17036.48258,19662.52072,18060.70916,16142.09823,11331.49296,2425.622046,11386.48503,18160.04849,2963.975292,2695.05311,17827.37868,2504.896411,30565.49276,15090.51327,11465.25051,19528.04351,16185.17134,19033.8818,1836.315527,1805.991163,15113.05814,597.828486,18424.03368,2504.896411,14681.10405,9147.489767,21139.04164,17675.45877,18737.81201,4123.187969,15258.86757,12100.64172,5740.250981,20162.18336,18998.21223,10086.22138,7028.971628,3933.03127,16431.59427,308.3324536,16879.90487,9994.175467,19033.8818,29978.48761,18049.16616,578.9920647,18424.03368,3862.787754,16210.60432,16142.09823,15475.15411,16470.49566,2764.787745,18994.44872,23732.45405,18153.37407,15600.99924,1226.490217,18542.71832,1565.655916,16401.98957,26005.53718,18067.26011,14638.72781,21163.14541,23732.45405,12695.44918,3713.778754,12524.63778,18470.62726,17318.91879,19474.10145,28320.2769,25885.624,13277.46228,15684.2479,21251.66141,17038.22001,10086.22138,2343.835529,12001.30239,18994.44872,27134.4255,1778.123893,17977.18521,17418.767,18665.08859,19424.43179,4770.686122,7388.711176,19313.04057,14807.74672,26005.53718,14729.54517,17318.91879,24754.045,19116.09933,16438.6541,18399.87486,1956.22871,23691.30635,19388.78502,19116.09933,15450.99529,18588.80301,17548.19711,12976.42324,18642.05765,19709.22441,22920.42016,24696.80663,23216.41208,24986.30266,20702.61775,19931.38785,23898.56205,17577.8018,14519.47923,21072.05275,18470.62726,9435.757252,19408.13032,19260.34987,18237.07655,17938.7699,19715.89884,13678.91346,15592.71087,19005.99172,18280.47056,18470.62726,3374.613055,20205.92108,2095.487195,22729.03492,14610.86054,23732.45405,9896.064681,10736.9191,23365.42108,38378.35572,18571.2502,1497.149828,18067.4937,2004.66983,4263.675002,16691.4856,12968.46521,22946.31641,19134.42687,4072.289755,22208.00089,33666.19158,4340.703057,2384.474347,3354.039205,15694.40663,14490.94735,15544.88875,18857.21631,14900.35657,16074.21114,18168.57046,16074.21114,14679.36662,10694.30926,10307.77526,11078.15257,11888.44904,12537.68462,19294.25921,19301.78622,18388.33186,17718.52243,16778.56227Dalian,1136.181733,5739.022433,2851.35553,2851.35553,1354.205701,1304.536035,555.9611205,3111.246864,13516.06009,695.939272,14025.93652,6268.344831,2223.922346,0,14005.36267,14186.48852,2174.252679,5858.935616,5936.472552,4939.040424,13787.3387,6139.909681,1035.104971,2702.34653,11172.73345,31505.17372,15974.87181,17011.71421,13425.75161,16462.42751,9314.106641,24433.44044,14066.57534,3251.733897,19904.31811,16163.29108,18888.66856,18170.98194,18167.34191,13356.73664,4310.378693,10612.63286,18270.32128,2702.34653,2161.027308,19852.62236,2111.357641,29692.30126,14217.32177,12402.75358,18654.852,15311.97984,18160.6903,387.6068183,1105.348487,14239.86664,2032.537099,17550.84218,2111.357641,13807.91255,11172.73345,20365.18948,16802.26727,17929.41815,6247.770982,14385.67607,14125.8854,7765.49466,19388.3312,18125.02073,12111.46506,9054.215307,5958.274949,18456.83795,2053.110949,18905.14855,12019.41915,18160.6903,29105.29611,17175.97466,1715.173797,17550.84218,5888.031433,18235.848,18167.34191,14601.96261,18495.73934,2263.841498,18220.59655,22958.60189,17280.18257,14827.14708,3111.246864,17669.52682,1274.931337,18427.23325,25132.34568,17293.40794,13765.53631,20389.29324,22958.60189,13136.25558,5739.022433,12965.44418,17597.43576,19344.16246,18700.24928,27447.0854,25012.4325,15302.70595,17709.49158,23276.90509,16165.02851,12111.46506,526.3564225,14026.54607,18220.59655,26261.234,1376.008098,20002.42889,19248.46316,17891.23643,18650.57962,6795.929801,9413.954855,18439.84907,16832.9904,25132.34568,13856.35367,19344.16246,23880.8535,18342.24716,15565.4626,17931.15558,3840.985357,22917.45419,18515.59352,18342.24716,14577.80379,17715.61151,16774.34494,13979.17777,17768.86615,18836.03291,22047.22866,23823.61513,22442.55992,24113.11116,19829.42625,19157.53568,23025.37054,16803.94964,16544.72291,20198.86125,17597.43576,11461.00093,18534.93882,18387.15837,20262.32023,17164.91773,18842.70734,12805.72196,14719.51937,18232.13955,17407.27906,17597.43576,2808.52546,19332.72958,1833.858433,21855.84341,13737.66904,22958.60189,11921.30836,11177.7255,22591.56892,37505.16422,17698.05869,3481.245808,20092.73738,3889.426476,6288.918681,18716.72928,12095.27371,22073.12491,18360.5747,6097.533434,21334.80939,32793.00008,6365.946736,4087.596262,5379.282885,14821.21513,13617.75585,14671.69724,18455.77457,14027.16507,15201.01964,20193.81414,15201.01964,13806.17512,10019.79643,9533.923096,10304.30041,11114.59687,11763.83245,18520.40704,18428.59472,17515.14036,16845.33093,15905.37077Hamburg,14188.17089,18592.33293,15704.66602,15704.66602,14406.19486,13338.51922,14195.01049,15964.55736,14063.04542,14464.44155,695.939272,19121.65532,14878.55417,14005.36267,0,985.4353043,15027.56317,18712.24611,18789.78304,17792.35092,218.0239688,18993.22017,14364.59334,12747.47527,14883.60128,18573.04268,3212.323626,4178.468686,13972.73694,8862.376237,16346.89683,12513.81445,895.1268195,15906.36572,7013.499947,3400.742896,10782.66953,5238.85091,7157.461836,11968.06711,17163.68919,11972.77051,5338.190243,12747.47527,12887.9623,18299.36204,13007.87548,17772.67527,1016.26855,22110.1237,10174.58165,2031.574395,9680.419943,13886.67804,13537.70676,5660.256949,14885.84759,4618.711146,13007.87548,1326.338432,14883.60128,13675.17276,3870.136232,4997.287116,18902.40281,1184.622852,14672.87073,18593.85012,12361.60588,9644.750372,14155.60022,16945.95387,18811.58544,6967.305137,14906.42144,7784.386139,14543.20704,9680.419943,17185.67012,8695.704305,14568.48429,4618.711146,18741.34193,7594.738321,7157.461836,935.7656377,7644.407987,15593.32986,10763.32423,16268.58517,4348.051535,13919.53736,15964.55736,4737.395782,14426.25983,7476.053685,13212.71969,11186.81141,872.0958753,12598.97515,16268.58517,19466.08837,18592.33293,19537.56043,8748.903887,6685.102525,10564.64556,15527.4594,13092.80651,10398.93634,7755.290322,14929.12204,3402.480325,14155.60022,14294.8587,14573.5314,10763.32423,14341.60801,13199.76961,7111.610733,6316.332128,11375.73956,10581.6895,19203.73049,16147.70928,5677.300884,14882.37274,13212.71969,1374.779551,6685.102525,11118.30532,10890.02195,2802.91441,4999.024544,16694.29585,16481.77281,9269.704317,10890.02195,6097.533434,8937.323157,12516.17087,23686.54789,4836.735115,5169.835941,10127.60267,11903.98914,15752.5432,12193.48517,6163.229274,12481.51906,11105.74455,12276.34451,14594.10525,8981.670423,9017.826069,14762.45955,9955.329135,9906.888016,7371.502067,11888.73769,10362.43698,2611.529164,6239.249014,10248.07979,8728.330037,8748.903887,12099.97712,5666.532608,13376.64588,9936.217424,337.9371517,16268.58517,14275.5134,16911.52229,15901.5522,25585.53823,4497.005477,16135.87763,7201.919218,16742.73697,19142.22917,7595.966868,3251.733897,9310.576726,10523.49787,18950.84393,8572.261208,20873.37409,19219.25723,16642.88875,18232.59338,1155.018154,654.0719065,1534.822671,5523.643539,1785.417313,1534.822671,7302.995979,1534.822671,436.0479377,12690.45712,10894.06075,11664.43806,12474.73452,13123.9701,10857.96016,9948.324364,9034.870004,8365.060574,7425.100413Antwerpen,14369.29674,18773.45878,15885.79187,15885.79187,14587.32071,13519.64507,14376.13634,16145.68321,13554.29688,14645.5674,526.3564225,19302.78117,15059.68002,14186.48852,985.4353043,0,15208.68902,18893.37196,18970.9089,17973.47677,767.4113355,19174.34602,14545.71919,12928.60112,14374.85273,