Port,Shanghai,Singapore,Yantian,Hong Kong,Ningbo,Pusan,Qingdao Gang,Guangzhou,Mina Jabal Ali,Tianjin,Rotterdam,Kelang,Kao-Hsiung,Dalian,Hamburg,Antwerpen,Xiamen,Tanjung Pelepas,Laem Chabang,Ho Chi Minh,Bremerhaven,Jakarta,Lianyungang,Tokyo,Jawaharlal Nehru,Chiwan,Algeciras,Valencia,Khawr Fakkan,Jeddah,Colombo,Santos,Felixstowe,Manila,Constantinopole,Tanger,Balboa,Gioia Tauro,Port Said,Mina Raysut,Shilong,Vancouver,Marsaxlokk,Yokohama Ko,Nagoya Ko,Durban,Kobe,Colon,Le Havre,Melbourne,Cartagena,St Petersburg,Manzanillo (Mex),Yantai,Gwangyang Hang,Sydney,Fuzhou,Genova,Osaka,Dublin,Mumbai,Puerto Del Callao,Barcelona,Rades,Surabaja,Southampton,Dammam,Chittagong,Guayaquil,Kingston,Karachi,Chennai,Bangkok,Alexandria,Taichung,Mersin,Mundra,Manzanillo (Pan),Buenos Aires,South Riding Point,Taipei,La Spezia,Pulau Pinang,Ashdod,Damietta,Gdynia,Haifa,Nanjing,Puerto Moin,Puerto San Antonio,Marseille,Lazaro Cardenas,Da Chan Bay,Cagliari,Jiangyin,Beirut,Itajai,Veracruz,Goteborg,Buenaventura,Valparaiso,Tauranga,Pasir Gudang,Auckland,Caucedo,Izmir,Cristobal,Montevideo,Paranagua,Djibouti,Al Aqabah,Cape Town,Casablanca,Qasim,Qinhuangdao,Doha,Puerto Limon,Rio Grande,Hakata,Gemlik,Piraievs,Altamira,Puerto Cortes,Thilawa,Tuticorin,Dakar,Dar es Salaam,Navegantes,Liverpool,Aliaga,Douala,Santo Tomas,Sines,Napoli,Hai Phong,Bahia San Vicente,Puerto Cabello,Puerto Barrios,Halifax,Haina,Puerto Quetzal,Port Adelaide,Livorno,Vienna,Port De Salvador,Rio de Janeiro,Puerto Caldera,Sepetiba Bay,Budapest,Paita,Vitoria,Acajutla,Mombasa,Pecem,Port Au Prince,Pipavav Bandar,Santa Marta,Barranquilla,Varna,Corinto,Puerto Castilla,Reykjavik,St John,Progreso,Puerto Plata,Santo Domingo,Sendai,Bratislava,Shimizu,All Other Brazil Ports South of Recife,Eemshaven,All Other Chile Ports,All Other India West Coast Ports,All Other Fiji Islands Ports,Coquimbo,Asuncion,Kleinhuningen,Cebu,Izmit,All Other Vietnam Ports,Semarang,All Other Turkey Mediterranean Ports,All Other Norway Ports,Tema,All Other Nicaragua Caribbean Region Ports,Palembang,Abidjan,San Pedro,Belawan,Davao,All Ports in Cambodia,Klaipeda,Aarhus,Rauma,Koper,Ringaskiddy,Tallinn,Constanta,Riga,Fredericia,Hawaii,Alaska,North Pacific,Central Pacific,South Pacific,East Gulf of Mexico,West Gulf of Mexico,Central Florida,South Atlantic,North AtlanticShanghai,0.00,4602.84,1715.17,1715.17,218.02,1086.51,887.32,1975.07,12379.88,1326.34,14208.74,5132.16,1087.74,1136.18,14188.17,14369.30,1038.07,4722.75,4800.29,3802.86,13970.15,5003.73,846.69,2273.59,10036.55,31687.98,16157.68,17194.52,12289.57,15326.25,8177.92,24616.25,14249.38,2115.55,18768.14,16346.10,18972.14,18353.79,17031.16,12220.55,3174.20,10696.10,18453.13,2273.59,2004.67,18716.44,1814.51,29875.11,14400.13,11477.30,18837.66,15494.79,18343.50,748.57,916.93,14422.67,896.36,17733.65,1814.51,13990.72,10036.55,20448.66,16985.08,18112.23,5111.59,14568.48,12989.70,6629.31,19471.80,18307.83,10975.28,7918.03,4822.09,17320.66,916.93,17768.97,10883.24,18343.50,29288.10,17358.78,578.99,17733.65,4751.85,17099.67,17031.16,14784.77,17359.56,1677.05,18304.07,23042.07,17462.99,14910.62,1975.07,17852.34,477.92,17291.05,25315.15,17376.88,13948.34,20472.76,23042.07,12707.50,4602.84,12536.69,17780.24,18207.98,18783.72,27629.89,25195.24,14166.52,16573.31,22140.72,16347.84,10975.28,1256.09,12890.36,18304.07,26444.04,1087.74,18866.25,18307.83,17974.71,18734.05,5659.75,8277.77,18622.66,15696.81,25315.15,14039.16,18207.98,24063.66,18425.72,15748.27,18113.96,2704.80,23000.92,18698.40,18425.72,14760.61,17898.42,16857.81,13053.73,17951.67,19018.84,22230.04,24006.42,17248.39,24295.92,20012.23,19241.00,23208.18,16887.42,15408.54,20381.67,17780.24,10324.82,18717.75,18569.97,19126.14,17248.39,19025.52,12988.53,14902.33,18315.61,17590.09,17780.24,2684.23,19515.54,1405.10,22038.65,13920.48,23042.07,10785.13,10748.97,22675.04,37687.97,17880.87,2345.06,18956.56,2753.24,5152.74,17580.55,12278.08,22255.93,18444.04,4961.35,21517.62,32975.81,5229.77,3091.90,4243.10,15004.02,13800.56,14854.51,18638.58,14209.97,15383.83,19057.63,15383.83,13988.98,10003.93,9617.39,10387.77,11198.07,11847.30,18603.88,18611.40,17697.95,17028.14,16088.18Singapore,4602.84,0.00,3154.13,3154.13,4651.28,5490.67,5490.17,3244.44,8595.86,5929.18,18612.91,529.32,3713.78,5739.02,18592.33,18773.46,3564.77,119.91,1694.60,1486.89,18374.31,967.83,5449.53,6677.75,6252.53,28020.29,17572.53,16872.40,8505.55,11542.22,4294.56,27874.48,18653.55,3291.09,14984.11,17620.98,23376.30,15165.75,13247.14,8436.53,4233.35,15100.26,15265.09,6677.75,6408.83,14932.42,6218.68,33133.34,18804.29,12662.31,23241.82,19898.95,22747.66,5351.42,5321.09,18826.84,4042.69,16083.91,6218.68,18394.88,6252.53,24852.82,16534.46,15842.85,1947.71,18972.65,9205.68,3213.55,23875.96,22711.99,7191.26,4432.03,1646.16,13536.63,3882.13,13984.94,7099.22,22747.66,32546.33,21762.94,4023.85,16083.91,938.73,13315.64,13247.14,19188.93,13575.54,6279.89,22708.23,27446.23,16492.09,19314.78,3244.44,15863.43,5080.76,13507.03,28573.38,21781.04,18352.51,24876.92,27446.23,15425.82,50.00,15255.01,22184.41,14423.96,23187.88,30888.12,28453.47,10382.50,12789.29,18356.70,18031.61,7191.26,5858.94,9106.34,22708.23,29702.27,5491.90,15082.22,14523.81,22378.87,23138.21,2413.57,4663.33,20616.50,11912.79,28573.38,18443.32,14423.96,23715.41,22829.88,17981.94,15504.91,2775.05,27405.09,23102.56,22829.88,19164.77,22302.58,21261.98,10735.69,16132.35,19469.34,25488.27,27264.65,21652.55,27554.15,20056.35,23645.17,26466.41,21291.58,11624.52,24342.33,22184.41,6540.80,23121.91,22974.13,15342.12,21652.55,23429.68,17392.69,19306.49,22719.77,21994.25,22184.41,7088.39,19559.65,5809.27,25296.88,18324.64,27446.23,7001.10,13607.78,27079.20,40946.20,19287.20,3461.90,15172.53,2963.47,1637.64,13796.53,16682.24,24249.78,22848.21,557.19,23511.46,36234.04,1107.09,4010.57,1207.65,19408.19,18204.73,19258.67,15962.26,18614.14,19787.99,15273.61,19787.99,18393.15,14408.09,14021.55,14791.93,15602.23,16251.46,23008.04,23015.56,22102.11,21432.30,20492.34Yantian,1715.17,3154.13,0.00,35.87,1763.61,2603.01,2602.50,526.36,10931.17,3041.51,15725.24,3683.45,966.60,2851.36,15704.67,15885.79,677.10,3274.05,3351.58,2354.15,15486.64,3555.02,2561.86,3790.09,8587.84,30355.60,17674.18,18711.02,10840.86,13877.54,6729.22,26132.74,15765.88,1585.00,17319.43,17862.59,20488.63,17501.06,15582.45,10771.85,1725.49,12212.60,17600.40,3790.09,3521.16,17267.73,3331.01,31391.60,15916.63,12431.85,20354.16,17011.28,19859.99,2463.75,2433.42,15939.17,1155.02,18419.22,3331.01,15507.22,8587.84,21965.15,18501.57,18178.17,4014.10,16084.98,11540.99,5180.60,20988.30,19824.32,9526.57,6469.32,3373.38,15871.95,1035.10,16320.26,9434.53,19859.99,30804.60,18875.28,1136.18,18419.22,3303.14,15650.96,15582.45,16301.27,15910.85,3392.22,19820.56,24558.57,18827.40,16427.11,526.36,18198.74,2193.09,15842.34,26831.65,18893.37,15464.84,21989.26,24558.57,13662.05,3154.13,13491.24,19296.74,16759.27,20300.21,29146.39,26711.74,12717.82,15124.60,20692.01,17864.33,9526.57,2971.27,11441.66,19820.56,27960.54,2604.24,17417.54,16859.12,19491.20,20250.54,4211.04,6829.06,20139.15,14248.10,26831.65,15555.66,16759.27,25580.16,19942.21,17264.77,17840.23,1256.09,24517.42,20214.90,19942.21,16277.11,19414.91,18374.31,13012.81,18467.66,20535.34,23746.53,25522.92,18764.88,25812.41,21528.73,20757.50,24724.67,18403.91,13959.83,21898.16,19296.74,8876.11,20234.24,20086.46,17677.43,18764.88,20542.01,14505.03,16418.82,19832.10,19106.58,19296.74,4200.72,21032.03,2921.60,23555.15,15436.97,24558.57,9336.42,11703.52,24191.53,39204.47,19397.36,2095.49,17507.85,1304.54,3704.03,16131.84,13794.58,23772.43,19960.54,3512.64,23034.11,34492.30,3781.06,3041.51,2794.39,16520.52,15317.06,16371.00,18297.57,15726.47,16900.32,17608.92,16900.32,15505.48,11520.42,11133.89,11904.26,12714.56,13363.80,20120.37,20127.90,19214.44,18544.63,17604.67Hong Kong,1715.17,3154.13,35.87,0.00,1763.61,2603.01,2602.50,526.36,10931.17,3041.51,15725.24,3683.45,966.60,2851.36,15704.67,15885.79,677.10,3274.05,3351.58,2354.15,15486.64,3555.02,2561.86,3790.09,8587.84,30355.60,17674.18,18711.02,10840.86,13877.54,6729.22,26132.74,15765.88,1585.00,17319.43,17862.59,20488.63,17501.06,15582.45,10771.85,1725.49,12212.60,17600.40,3790.09,3521.16,17267.73,3331.01,31391.60,15916.63,12431.85,20354.16,17011.28,19859.99,2463.75,2433.42,15939.17,1155.02,18419.22,3331.01,15507.22,8587.84,21965.15,18501.57,18178.17,4014.10,16084.98,11540.99,5180.60,20988.30,19824.32,9526.57,6469.32,3373.38,15871.95,1035.10,16320.26,9434.53,19859.99,30804.60,18875.28,1136.18,18419.22,3303.14,15650.96,15582.45,16301.27,15910.85,3392.22,19820.56,24558.57,18827.40,16427.11,526.36,18198.74,2193.09,15842.34,26831.65,18893.37,15464.84,21989.26,24558.57,13662.05,3154.13,13491.24,19296.74,16759.27,20300.21,29146.39,26711.74,12717.82,15124.60,20692.01,17864.33,9526.57,2971.27,11441.66,19820.56,27960.54,2604.24,17417.54,16859.12,19491.20,20250.54,4211.04,6829.06,20139.15,14248.10,26831.65,15555.66,16759.27,25580.16,19942.21,17264.77,17840.23,1256.09,24517.42,20214.90,19942.21,16277.11,19414.91,18374.31,13012.81,18467.66,20535.34,23746.53,25522.92,18764.88,25812.41,21528.73,20757.50,24724.67,18403.91,13959.83,21898.16,19296.74,8876.11,20234.24,20086.46,17677.43,18764.88,20542.01,14505.03,16418.82,19832.10,19106.58,19296.74,4200.72,21032.03,2921.60,23555.15,15436.97,24558.57,9336.42,11703.52,24191.53,39204.47,19397.36,2095.49,17507.85,1304.54,3704.03,16131.84,13794.58,23772.43,19960.54,3512.64,23034.11,34492.30,3781.06,3041.51,2794.39,16520.52,15317.06,16371.00,18297.57,15726.47,16900.32,17608.92,16900.32,15505.48,11520.42,11133.89,11904.26,12714.56,13363.80,20120.37,20127.90,19214.44,18544.63,17604.67Ningbo,218.02,4651.28,1763.61,1763.61,0.00,1304.54,1105.35,2023.51,12428.32,1544.36,14426.77,5180.60,1136.18,1354.21,14406.19,14587.32,1086.51,4771.20,4848.73,3851.30,14188.17,5052.17,1064.71,2491.62,10084.99,31852.75,16375.70,17412.55,12338.01,15374.69,8226.37,24834.27,14467.41,2163.99,18816.58,16564.12,19190.16,18571.81,17079.60,12269.00,3222.64,10914.13,18671.15,2491.62,2222.69,18764.88,2032.54,30093.13,14618.15,11625.08,19055.68,15712.81,18561.52,966.60,1134.95,14640.70,944.80,17951.67,2032.54,14208.74,10084.99,20666.68,17203.10,18330.25,5160.03,14786.51,13038.14,6677.75,19689.82,18525.85,11023.72,7966.47,4870.53,17369.10,965.37,17817.41,10931.68,18561.52,29506.13,17576.81,627.43,17951.67,4800.29,17148.11,17079.60,15002.79,17408.00,1895.07,18522.09,23260.09,17681.01,15128.64,2023.51,18070.36,695.94,17339.49,25533.18,17594.90,14166.37,20690.79,23260.09,12855.28,4651.28,12684.47,17998.27,18256.42,19001.74,27847.92,25413.26,14214.97,16621.75,22189.16,16565.86,11023.72,1474.12,12938.81,18522.09,26662.07,1305.76,18914.69,18356.27,18192.73,18952.07,5708.19,8326.21,18840.68,15745.25,25533.18,14257.19,18256.42,24281.69,18643.74,15966.29,18331.99,2753.24,23218.95,18916.43,18643.74,14978.64,18116.44,17075.84,13201.51,18169.70,19236.87,22448.06,24224.45,17466.41,24513.94,20230.26,19459.03,23426.20,17105.44,15456.98,20599.69,17998.27,10373.26,18935.77,18787.99,19174.58,17466.41,19243.54,13206.55,15120.35,18533.63,17808.11,17998.27,2902.25,19733.56,1623.13,22256.68,14138.50,23260.09,10833.57,10896.75,22893.06,37906.00,18098.89,2393.51,19005.00,2801.69,5201.18,17628.99,12496.11,22473.96,18662.07,5009.79,21735.64,33193.83,5278.21,3140.34,4291.54,15222.05,14018.59,15072.53,18856.61,14428.00,15601.85,19106.07,15601.85,14207.01,10221.95,9835.42,10605.79,11416.09,12065.33,18821.90,18829.43,17915.97,17246.16,16306.20Pusan,1086.51,5490.67,2603.01,2603.01,1304.54,0.00,1295.51,2862.90,13267.71,1564.94,13359.09,6020.00,1876.23,1304.54,13338.52,13519.65,1925.90,5610.59,5688.12,4690.69,13120.50,5891.56,1354.21,1734.01,10924.39,30838.33,15308.03,16344.87,13177.40,16214.08,9065.76,23766.60,13399.73,2904.05,19278.79,15496.45,18122.49,17504.14,17918.99,13108.39,4062.03,9846.45,17603.48,1734.01,1155.02,19604.27,1105.35,29025.46,13550.48,11563.36,17988.01,14645.14,17493.85,987.17,436.05,13573.02,1784.19,16884.00,1105.35,13141.07,10924.39,19599.01,16135.42,17262.57,5900.08,13718.83,13877.54,7517.15,18622.15,17458.18,11863.12,8805.87,5709.93,18208.49,1804.76,18656.80,11771.07,17493.85,28438.45,16509.13,1466.83,16884.00,5639.68,17987.50,17918.99,13935.12,18247.39,2523.73,17454.41,22192.42,16613.34,14060.96,2862.90,17002.68,1324.60,18178.88,24465.50,16527.23,13098.69,19623.11,22192.42,12197.52,5490.67,12026.71,16930.59,18950.39,17934.07,26780.24,24345.59,15054.36,17461.14,23028.56,15498.19,11863.12,1494.69,13778.20,17454.41,25594.39,337.94,19376.90,18581.62,17125.05,17884.40,6547.58,9165.61,17773.01,16584.64,24465.50,13189.51,18950.39,23214.01,17576.06,14898.62,17264.31,3592.64,22151.27,17848.75,17576.06,13910.96,17048.77,16008.16,13139.79,17102.02,18169.19,21380.39,23156.77,16398.73,23446.27,19162.58,18391.35,22358.53,16037.77,16296.37,19532.02,16930.59,11212.65,17868.10,17720.31,19636.79,16398.73,18175.86,12138.88,14052.68,17465.96,16740.44,16930.59,1943.00,18665.89,895.13,21189.00,13070.83,22192.42,11672.96,10238.99,21825.39,36838.32,17031.22,3133.56,19467.21,3641.08,6040.57,18468.38,11428.43,21406.28,17594.39,5849.19,20667.97,32126.16,6117.60,3739.91,5130.93,14154.37,12950.91,14004.85,17788.93,13360.32,14534.18,19568.28,14534.18,13139.33,9154.27,8767.74,9538.12,10348.41,10997.65,17754.22,17761.75,16848.30,16178.49,15238.53Qingdao Gang,887.32,5490.17,2602.50,2602.50,1105.35,1295.51,0.00,2862.39,13267.20,605.63,14215.58,6019.49,1975.07,555.96,14195.01,14376.14,1925.40,5610.08,5687.62,4690.18,13976.99,5891.05,616.66,2693.32,10923.88,31694.82,16164.52,17201.36,13176.89,16213.57,9065.25,24623.09,14256.22,3002.88,19655.46,16352.94,19078.32,18360.63,17918.48,13107.88,4061.52,10802.28,18459.97,2693.32,2213.66,19603.77,2163.99,29881.95,14406.97,12294.38,18844.50,15501.63,18350.34,308.33,1096.32,14429.51,1783.68,17740.49,2163.99,13997.56,10923.88,20554.84,16991.92,18119.07,5998.91,14575.32,13877.03,7516.64,19577.98,18314.67,11862.61,8805.36,5709.42,18207.98,1804.25,18656.29,11770.56,18350.34,29294.94,17365.62,1466.32,17740.49,5639.17,17986.99,17918.48,14791.61,18246.88,1845.40,18410.24,23148.25,17469.83,15016.79,2862.39,17859.17,1026.07,18178.38,25321.99,17483.06,13955.18,20578.94,23148.25,13127.22,5490.17,12956.41,17787.08,19095.31,18889.90,27636.73,25202.08,15053.85,17460.63,23028.05,16354.68,11862.61,605.63,13777.69,18410.24,26450.88,1366.98,19753.57,19195.15,18080.88,18840.23,6547.07,9165.10,18629.50,16584.13,25321.99,14046.00,19095.31,24070.50,18531.89,15755.11,18120.80,3592.13,23107.10,18705.24,18531.89,14767.45,17905.26,16963.99,13870.81,17958.51,19025.68,22236.88,24013.26,17354.57,24302.76,20019.07,19347.18,23215.02,16993.60,16295.87,20388.51,17787.08,11212.14,18724.59,18576.81,20013.46,17354.57,19032.36,12995.37,14909.17,18421.79,17596.93,17787.08,2998.17,19522.38,1824.83,22045.49,13927.32,23148.25,11672.45,11168.69,22781.22,37694.81,17887.71,3232.39,19843.88,3640.57,6040.06,18467.87,12284.92,22262.77,18550.22,5848.68,21524.46,32982.65,6117.09,3908.98,5130.43,15010.86,13807.40,14861.35,18645.42,14216.81,15390.67,19944.96,15390.67,13995.82,10209.44,9723.57,10493.95,11304.24,11953.48,18710.05,18618.24,17704.79,17034.98,16095.02Guangzhou,1975.07,3244.44,526.36,526.36,2023.51,2862.90,2862.39,0.00,11021.48,3301.40,15985.13,3773.76,1226.49,3111.25,15964.56,16145.68,936.99,3364.35,3441.89,2444.46,15746.53,3645.33,2821.75,4049.98,8678.15,30445.91,17934.07,18970.91,10931.17,13967.85,6819.52,26392.64,16025.77,1745.55,17409.74,18122.49,20748.52,17591.37,15672.76,10862.15,1199.13,12472.49,17690.71,4049.98,3781.06,17358.04,3590.90,31651.50,16176.52,12691.74,20614.05,17271.17,20119.88,2723.64,2693.32,16199.06,1414.91,18509.53,3590.90,15767.11,8678.15,22225.04,18761.46,18268.47,4104.41,16344.87,11631.30,5270.91,21248.19,20084.22,9616.88,6559.63,3463.69,15962.26,1295.00,16410.57,9524.84,20119.88,31064.49,19135.17,1396.07,18509.53,3393.45,15741.27,15672.76,16561.16,16001.16,3652.11,20080.45,24818.46,18917.71,16687.00,91.65,18289.05,2452.98,15932.65,27091.54,19153.26,15724.73,22249.15,24818.46,13921.94,3244.44,13751.13,19556.63,16849.58,20560.10,29406.28,26971.63,12808.12,15214.91,20782.32,18124.22,9616.88,3231.16,11531.96,20080.45,28220.43,2864.13,17507.85,16949.43,19751.09,20510.43,4301.35,6919.37,20399.04,14338.41,27091.54,15815.55,16849.58,25840.05,20202.10,17524.66,17930.54,1346.40,24777.31,20474.79,20202.10,16537.00,19674.81,18634.20,13103.12,18557.97,20795.23,24006.42,25782.81,19024.77,26072.31,21788.62,21017.39,24984.57,18663.80,14050.14,22158.06,19556.63,8966.42,20494.13,20346.35,17767.74,19024.77,20801.90,14764.92,16678.71,20091.99,19366.47,19556.63,4460.62,21291.92,3181.49,23815.04,15696.86,24818.46,9426.73,11963.41,24451.42,39464.36,19657.25,2256.04,17598.16,1394.84,3794.34,16222.15,14054.47,24032.32,20220.43,3602.95,23294.00,34752.19,3871.36,3202.06,2884.70,16780.41,15576.95,16630.89,18387.88,15986.36,17160.21,17699.23,17160.21,15765.37,11780.31,11393.78,12164.16,12974.45,13623.69,20380.26,20387.79,19474.34,18804.53,17864.57Mina Jabal Ali,12379.88,8595.86,10931.17,10931.17,12428.32,13267.71,13267.20,11021.48,0.00,13706.22,13603.97,8066.53,11490.82,13516.06,14063.05,13554.30,11341.81,8475.94,8044.73,9263.93,13845.02,9563.68,13226.56,14454.79,2583.15,21678.73,11230.98,10530.85,526.36,5200.67,4538.15,21532.92,13404.78,11249.25,8642.56,11279.42,21391.21,8824.19,6905.58,2094.98,12010.39,22877.30,8923.53,14454.79,14185.87,9286.24,13995.71,26791.78,13046.78,21258.17,20783.12,15857.76,20288.96,13128.45,13098.13,16268.80,11819.72,9742.35,13995.71,13187.26,2583.15,24283.71,10192.91,9501.30,10543.56,13144.89,846.69,6785.11,22970.14,20253.29,1755.81,5137.21,7993.32,7195.08,11659.17,7643.39,2242.76,20288.96,26204.78,19304.24,11800.89,9742.35,7826.71,6974.09,6905.58,14761.95,7233.98,14056.93,21371.86,26877.12,10150.53,24528.08,11021.48,9521.87,12857.79,7165.47,22231.83,21795.35,14442.85,23207.51,26877.12,23624.32,8595.86,23453.51,19357.44,8082.40,21173.18,24546.57,22111.92,4040.95,6447.73,12710.52,11690.06,1755.81,13635.97,647.50,21371.86,23360.72,13268.94,8740.67,8182.25,21984.28,21190.23,7394.99,4338.97,14274.95,5869.25,22231.83,13375.68,8082.40,18069.23,21498.56,11640.39,9163.36,10552.08,27090.31,19878.24,21498.56,16746.71,19545.86,23124.71,19331.55,9790.79,13127.79,19146.71,20923.10,22497.28,21212.59,13714.79,23090.06,20124.85,22884.88,5580.98,18000.78,19626.37,2462.01,20563.87,20515.43,9000.56,22497.28,20970.98,14835.67,16847.79,20856.62,19336.87,19357.44,14865.43,13218.10,13586.30,18955.33,13725.11,26877.12,1975.07,21736.03,26510.09,34604.65,12945.65,11660.40,8830.98,10740.50,10233.49,7454.97,16440.23,17908.23,21132.04,9153.05,17169.91,29892.48,7725.63,12209.07,8136.78,14981.20,14254.43,15361.01,9620.70,13166.69,15361.01,8932.06,15361.01,14232.63,22185.13,21798.59,22568.97,23379.27,24028.50,21466.50,20556.86,19643.41,18973.60,18033.64Tianjin,1326.34,5929.18,3041.51,3041.51,1544.36,1564.94,605.63,3301.40,13706.22,0.00,14485.02,6458.50,2414.08,695.94,14464.44,14645.57,2364.41,6049.09,6126.63,5129.20,14246.42,6330.07,1222.30,2962.75,11362.89,31964.25,16433.95,17470.79,13615.91,16652.58,9504.26,24892.52,14525.65,3441.89,20094.47,16622.37,19347.75,18630.06,18357.50,13546.89,4500.54,11071.71,18729.40,2962.75,2483.09,20042.78,2433.42,30151.38,14676.40,12663.15,19113.93,15771.06,18619.77,577.76,1365.75,14698.95,2222.69,18009.92,2433.42,14266.99,11362.89,20824.27,17261.35,18388.50,6437.93,14844.75,14316.04,7955.65,19847.41,18584.10,12301.62,9244.37,6148.43,18646.99,2243.27,19095.31,12209.58,18619.77,29564.37,17635.05,1905.33,18009.92,6078.19,18426.00,18357.50,15061.04,18685.90,2421.43,18679.68,23417.68,17739.26,15286.23,3301.40,18128.61,1465.09,18617.39,25591.42,17752.49,14224.62,20848.37,23417.68,13396.66,5929.18,13225.84,18056.51,19534.32,19159.33,27906.16,25471.51,15492.86,17899.65,23467.06,16624.11,12301.62,436.05,14216.70,18679.68,26720.31,1636.41,20192.59,19634.17,18350.32,19109.66,6986.09,9604.11,18898.93,17023.15,25591.42,14315.43,19534.32,24339.93,18801.33,16024.54,18390.23,4031.14,23376.53,18974.67,18801.33,15036.88,18174.69,17233.42,14239.58,18227.95,19295.11,22506.31,24282.69,17624.00,24572.19,20288.51,19616.61,23484.45,17263.03,16734.88,20657.94,18056.51,11651.16,18994.02,18846.24,20452.48,17624.00,19301.79,13264.80,15178.60,18691.22,17866.36,18056.51,3267.60,19791.81,2094.26,22314.92,14196.75,23417.68,12111.47,11438.13,23050.65,37964.24,18157.14,3671.40,20282.89,4079.58,6479.08,18906.89,12554.35,22532.20,18819.65,6287.69,21793.89,33252.08,6556.10,4277.75,5569.44,15280.29,14076.83,15130.78,18914.85,14486.24,15660.10,20383.97,15660.10,14265.25,10478.88,9993.00,10763.38,11573.68,12222.91,18979.49,18887.67,17974.22,17304.41,16364.45Rotterdam,14208.74,18612.91,15725.24,15725.24,14426.77,13359.09,14215.58,15985.13,13603.97,14485.02,0.00,19142.23,14899.13,14025.94,695.94,526.36,15048.14,18732.82,18810.36,17812.92,477.92,19013.79,14385.17,12768.05,14424.52,18113.96,2753.24,3719.39,13513.66,8403.30,15887.82,12054.74,436.05,15926.94,6554.42,2941.66,10662.25,4779.77,6698.38,11508.99,17184.26,11993.34,4879.11,12768.05,12908.54,17840.28,13028.45,17313.60,557.19,22130.70,10054.16,2490.65,9560.00,13907.25,13558.28,5539.83,14906.42,4159.63,13028.45,1106.58,14424.52,13554.75,3411.06,4538.21,18922.98,725.54,14213.79,18134.77,12241.18,9524.33,13696.52,16486.87,18832.16,6508.23,14927.00,7325.31,14084.13,9560.00,16726.59,8575.28,14589.06,4159.63,18761.92,7135.66,6698.38,1394.84,7185.33,15613.90,10642.90,16148.16,3888.97,13799.12,15985.13,4278.32,14446.83,7016.97,12753.64,11066.39,1105.35,12478.55,16148.16,19486.66,18612.91,19558.13,8628.48,6226.02,10444.22,15068.38,12633.73,9939.86,7296.21,14470.04,2943.40,13696.52,14315.43,14114.45,10642.90,13882.53,13220.34,6652.53,5857.25,11255.32,10461.27,18744.65,15688.63,5218.22,14423.29,12753.64,1155.02,6226.02,10659.23,10769.60,2343.84,4539.95,16714.87,16361.35,9149.28,10769.60,5977.11,8816.90,12395.75,23707.12,4377.66,5628.91,9668.52,11444.91,11768.32,11734.41,6622.31,12361.10,10646.67,12155.92,14135.03,8522.59,8897.40,14303.38,9834.91,9786.47,6912.42,11768.32,10242.01,2491.62,6118.83,10127.66,8607.91,8628.48,12120.55,6125.61,13397.22,9477.14,387.61,16148.16,13816.43,16932.10,15781.13,25126.46,4008.32,16156.45,6742.84,16763.31,19162.80,7136.89,3272.31,8851.50,10403.08,18971.42,8113.18,20414.30,19075.30,16663.46,18253.17,1614.10,916.93,1993.90,5064.56,1355.43,1993.90,6843.92,1993.90,865.52,12711.03,10914.63,11685.01,12495.31,13144.54,10737.54,9827.90,8914.45,8244.64,7304.68Kelang,5132.16,529.32,3683.45,3683.45,5180.60,6020.00,6019.49,3773.76,8066.53,6458.50,19142.23,0.00,4243.10,6268.34,19121.66,19302.78,4094.09,409.41,1446.25,2016.21,18903.63,1497.15,5978.85,7207.08,5723.21,27490.97,17043.21,16343.08,7976.23,11012.90,3765.24,27345.16,19182.87,3820.41,14454.79,17091.65,23905.62,14636.43,12717.82,7907.21,4762.67,15629.59,14735.77,7207.08,6938.15,14403.10,6748.00,32604.02,18859.01,13191.64,23771.14,20428.27,23276.98,5880.74,5850.41,19356.16,4572.01,15554.58,6748.00,18924.21,5723.21,25382.14,16005.14,15313.53,2477.03,18957.12,8676.36,2684.23,24405.28,23241.31,6661.94,3902.71,1397.81,13007.31,4411.46,13455.62,6569.89,23276.98,32017.01,22292.27,4553.17,15554.58,409.41,12786.32,12717.82,19718.26,13046.21,6809.21,23237.55,27975.56,15962.76,19844.10,3773.76,15334.10,5610.08,12977.71,28044.06,22310.36,18881.83,25406.25,27975.56,15955.14,529.32,15784.33,22713.73,13894.64,23717.20,30358.80,27924.15,9853.18,12259.97,17827.38,17502.29,6661.94,6388.26,8577.02,23237.55,29172.95,6021.23,14552.90,13994.48,22908.19,23667.53,1884.76,4134.01,20087.18,11383.46,28044.06,18972.65,13894.64,23186.09,23359.20,17452.62,14975.59,3304.37,27934.41,23631.89,23359.20,19694.10,22831.90,21791.30,11265.01,15603.03,18940.02,24958.94,26735.33,22181.87,27024.83,19527.03,24174.49,25937.09,21820.90,11095.20,23813.01,22713.73,6011.47,23651.23,23503.45,14812.79,22181.87,23959.00,17922.01,19835.81,23249.09,22523.57,22713.73,7617.71,19030.33,6338.59,24767.56,18853.96,27975.56,6471.78,14137.10,27608.52,40416.88,18757.88,3991.22,14643.21,3492.79,2166.96,13267.20,17211.57,23720.46,23377.53,1086.51,22982.14,35704.72,577.76,4539.89,1157.98,19937.51,18734.05,19787.99,15432.93,18978.92,20317.31,14744.29,20317.31,18922.47,14937.41,14550.88,15321.25,16131.55,16780.79,23537.36,23544.89,22631.43,21961.62,21021.66Kao-Hsiung,1087.74,3713.78,966.60,966.60,1136.18,1876.23,1975.07,1226.49,11490.82,2414.08,14899.13,4243.10,0.00,2223.92,14878.55,15059.68,359.74,3833.69,3911.23,2913.80,14660.53,4114.67,1934.43,2963.98,9147.49,30915.25,16848.06,17884.91,11400.51,14437.18,7288.86,25306.63,14939.77,1127.15,17879.07,17036.48,19662.52,18060.71,16142.10,11331.49,2425.62,11386.49,18160.05,2963.98,2695.05,17827.38,2504.90,30565.49,15090.51,11465.25,19528.04,16185.17,19033.88,1836.32,1805.99,15113.06,597.83,18424.03,2504.90,14681.10,9147.49,21139.04,17675.46,18737.81,4123.19,15258.87,12100.64,5740.25,20162.18,18998.21,10086.22,7028.97,3933.03,16431.59,308.33,16879.90,9994.18,19033.88,29978.49,18049.17,578.99,18424.03,3862.79,16210.60,16142.10,15475.15,16470.50,2764.79,18994.45,23732.45,18153.37,15601.00,1226.49,18542.72,1565.66,16401.99,26005.54,18067.26,14638.73,21163.15,23732.45,12695.45,3713.78,12524.64,18470.63,17318.92,19474.10,28320.28,25885.62,13277.46,15684.25,21251.66,17038.22,10086.22,2343.84,12001.30,18994.45,27134.43,1778.12,17977.19,17418.77,18665.09,19424.43,4770.69,7388.71,19313.04,14807.75,26005.54,14729.55,17318.92,24754.05,19116.10,16438.65,18399.87,1956.23,23691.31,19388.79,19116.10,15451.00,18588.80,17548.20,12976.42,18642.06,19709.22,22920.42,24696.81,17938.77,24986.30,20702.62,19931.39,23898.56,17577.80,14519.48,21072.05,18470.63,9435.76,19408.13,19260.35,18237.08,17938.77,19715.90,13678.91,15592.71,19005.99,18280.47,18470.63,3374.61,20205.92,2095.49,22729.03,14610.86,23732.45,9896.06,10736.92,23365.42,38378.36,18571.25,1497.15,18067.49,2004.67,4263.68,16691.49,12968.47,22946.32,19134.43,4072.29,22208.00,33666.19,4340.70,2384.47,3354.04,15694.41,14490.95,15544.89,18857.22,14900.36,16074.21,18168.57,16074.21,14679.37,10694.31,10307.78,11078.15,11888.45,12537.68,19294.26,19301.79,18388.33,17718.52,16778.56Dalian,1136.18,5739.02,2851.36,2851.36,1354.21,1304.54,555.96,3111.25,13516.06,695.94,14025.94,6268.34,2223.92,0.00,14005.36,14186.49,2174.25,5858.94,5936.47,4939.04,13787.34,6139.91,1035.10,2702.35,11172.73,31505.17,15974.87,17011.71,13425.75,16462.43,9314.11,24433.44,14066.58,3251.73,19904.32,16163.29,18888.67,18170.98,18167.34,13356.74,4310.38,10612.63,18270.32,2702.35,2161.03,19852.62,2111.36,29692.30,14217.32,12402.75,18654.85,15311.98,18160.69,387.61,1105.35,14239.87,2032.54,17550.84,2111.36,13807.91,11172.73,20365.19,16802.27,17929.42,6247.77,14385.68,14125.89,7765.49,19388.33,18125.02,12111.47,9054.22,5958.27,18456.84,2053.11,18905.15,12019.42,18160.69,29105.30,17175.97,1715.17,17550.84,5888.03,18235.85,18167.34,14601.96,18495.74,2263.84,18220.60,22958.60,17280.18,14827.15,3111.25,17669.53,1274.93,18427.23,25132.35,17293.41,13765.54,20389.29,22958.60,13136.26,5739.02,12965.44,17597.44,19344.16,18700.25,27447.09,25012.43,15302.71,17709.49,23276.91,16165.03,12111.47,526.36,14026.55,18220.60,26261.23,1376.01,20002.43,19248.46,17891.24,18650.58,6795.93,9413.95,18439.85,16832.99,25132.35,13856.35,19344.16,23880.85,18342.25,15565.46,17931.16,3840.99,22917.45,18515.59,18342.25,14577.80,17715.61,16774.34,13979.18,17768.87,18836.03,22047.23,23823.62,17164.92,24113.11,19829.43,19157.54,23025.37,16803.95,16544.72,20198.86,17597.44,11461.00,18534.94,18387.16,20262.32,17164.92,18842.71,12805.72,14719.52,18232.14,17407.28,17597.44,2808.53,19332.73,1833.86,21855.84,13737.67,22958.60,11921.31,11177.73,22591.57,37505.16,17698.06,3481.25,20092.74,3889.43,6288.92,18716.73,12095.27,22073.12,18360.57,6097.53,21334.81,32793.00,6365.95,4087.60,5379.28,14821.22,13617.76,14671.70,18455.77,14027.17,15201.02,20193.81,15201.02,13806.18,10019.80,9533.92,10304.30,11114.60,11763.83,18520.41,18428.59,17515.14,16845.33,15905.37Hamburg,14188.17,18592.33,15704.67,15704.67,14406.19,13338.52,14195.01,15964.56,14063.05,14464.44,695.94,19121.66,14878.55,14005.36,0.00,985.44,15027.56,18712.25,18789.78,17792.35,218.02,18993.22,14364.59,12747.48,14883.60,18573.04,3212.32,4178.47,13972.74,8862.38,16346.90,12513.81,895.13,15906.37,7013.50,3400.74,10782.67,5238.85,7157.46,11968.07,17163.69,11972.77,5338.19,12747.48,12887.96,18299.36,13007.88,17772.68,1016.27,22110.12,10174.58,2031.57,9680.42,13886.68,13537.71,5660.26,14885.85,4618.71,13007.88,1326.34,14883.60,13675.17,3870.14,4997.29,18902.40,1184.62,14672.87,18593.85,12361.61,9644.75,14155.60,16945.95,18811.59,6967.31,14906.42,7784.39,14543.21,9680.42,17185.67,8695.70,14568.48,4618.71,18741.34,7594.74,7157.46,935.77,7644.41,15593.33,10763.32,16268.59,4348.05,13919.54,15964.56,4737.40,14426.26,7476.05,13212.72,11186.81,872.10,12598.98,16268.59,19466.09,18592.33,19537.56,8748.90,6685.10,10564.65,15527.46,13092.81,10398.94,7755.29,14929.12,3402.48,14155.60,14294.86,14573.53,10763.32,14341.61,13199.77,7111.61,6316.33,11375.74,10581.69,19203.73,16147.71,5677.30,14882.37,13212.72,1374.78,6685.10,11118.31,10890.02,2802.91,4999.02,16694.30,16481.77,9269.70,10890.02,6097.53,8937.32,12516.17,23686.55,4836.74,5169.84,10127.60,11903.99,11888.74,12193.49,6163.23,12481.52,11105.74,12276.34,14594.11,8981.67,9017.83,14762.46,9955.33,9906.89,7371.50,11888.74,10362.44,2611.53,6239.25,10248.08,8728.33,8748.90,12099.98,5666.53,13376.65,9936.22,337.94,16268.59,14275.51,16911.52,15901.55,25585.54,4497.01,16135.88,7201.92,16742.74,19142.23,7595.97,3251.73,9310.58,10523.50,18950.84,8572.26,20873.37,19219.26,16642.89,18232.59,1155.02,654.07,1534.82,5523.64,1785.42,1534.82,7303.00,1534.82,436.05,12690.46,10894.06,11664.44,12474.73,13123.97,10857.96,9948.32,9034.87,8365.06,7425.10Antwerpen,14369.30,18773.46,15885.79,15885.79,14587.32,13519.65,14376.14,16145.68,13554.30,14645.57,526.36,19302.78,15059.68,14186.49,985.44,0.00,15208.69,18893.37,18970.91,17973.48,767.41,19174.35,14545.72,12928.60,14374.85,18064.29,2703.58,3669.72,13463.99,8353.63,15838.15,12005.07,526.36,16087.49,6504.75,2891.99,10770.62,4730.10,6648.71,11459.32,17344.82,12153.90,4829.44,12928.60,13069.09,17790.61,13189.00,17263.93,507.52,22291.25,10162.53,2780.15,9668.37,14067.80,13718.83,5648.21,15066.97,4109.96,13189.00,1226.49,14374.85,13663.12,3361.39,4488.54,19083.53,675.87,14164.12,18085.10,12349.55,9632.70,13646.85,16437.21,18992.71,6458.56,15087.55,7275.64,14034.46,9668.37,16676.92,8683.65,14749.61,4109.96,18922.47,7085.99,6648.71,1684.34,7135.66,15774.46,10751.27,16256.53,3839.30,13907.49,16145.68,4228.65,14607.39,6967.31,12703.97,11174.76,1365.24,12586.92,16256.53,19647.21,18773.46,19718.69,8736.85,6176.35,10552.59,15018.71,12584.06,9890.19,7246.54,14420.37,2893.73,13646.85,14475.98,14064.78,10751.27,13832.86,13380.90,6602.86,5807.58,11363.69,10569.64,18694.98,15638.96,5168.55,14373.62,12703.97,1274.93,6176.35,10609.56,10877.97,2294.17,4490.28,16875.42,16469.72,9257.65,10877.97,6085.48,8925.27,12504.12,23867.67,4327.99,5918.41,9618.85,11395.24,11876.69,11684.74,6911.80,12469.47,10597.00,12264.29,14085.36,8472.92,9005.77,14253.71,9943.28,9894.84,6862.75,11876.69,10350.39,2652.17,6227.20,10236.03,8716.28,8736.85,12281.10,6415.11,13557.77,9427.47,647.50,16256.53,13766.76,17092.65,15889.50,25076.79,3918.01,16317.00,6693.17,16923.86,19323.36,7087.22,3432.86,8801.83,10511.45,19131.97,8063.51,20364.63,19025.63,16824.01,18413.72,1903.59,1176.82,2283.40,5014.89,1305.76,2283.40,6794.25,2283.40,1155.02,12871.58,11075.19,11845.56,12655.86,13305.10,10845.91,9936.27,9022.82,8353.01,7413.05Xiamen,1038.07,3564.77,677.10,677.10,1086.51,1925.90,1925.40,936.99,11341.81,2364.41,15048.14,4094.09,359.74,2174.25,15027.56,15208.69,0.00,3684.68,3762.22,2764.79,14809.54,3965.66,1884.76,3112.98,8998.48,30766.24,16997.07,18033.91,11251.50,14288.17,7139.85,25455.64,15088.78,1276.16,17730.07,17185.49,19811.53,17911.70,15993.09,11182.48,2136.13,11535.49,18011.04,3112.98,2844.06,17678.37,2653.91,30714.50,15239.52,11824.99,19677.05,16334.18,19182.89,1786.65,1756.32,15262.07,477.92,18573.04,2653.91,14830.11,8998.48,21288.05,17824.47,18588.80,4272.20,15407.88,11951.63,5591.24,20311.19,19147.22,9937.21,6879.96,3784.02,16282.59,387.61,16730.90,9845.17,19182.89,30127.50,18198.18,459.08,18573.04,3713.78,16061.60,15993.09,15624.16,16321.49,2715.12,19143.46,23881.46,18302.38,15750.01,936.99,18609.38,1515.99,16252.98,26154.55,18216.27,14787.74,21312.15,23881.46,13055.19,3564.77,12884.38,18619.64,17169.91,19623.11,28469.29,26034.63,13128.45,15535.24,21102.65,17187.23,9937.21,2294.17,11852.29,19143.46,27283.43,1927.13,17828.18,17269.76,18814.10,19573.44,4621.68,7239.70,19462.05,14658.74,26154.55,14878.55,17169.91,24903.05,19265.11,16587.66,18250.87,1666.73,23840.32,19537.79,19265.11,15600.00,18737.81,17697.21,13125.43,18791.07,19858.23,23069.43,24845.82,18087.78,25135.31,20851.63,20080.40,24047.57,17726.81,14370.47,21221.06,18619.64,9286.75,19557.14,19409.36,18088.07,18087.78,19864.91,13827.92,15741.72,19155.00,18429.48,18619.64,3523.62,20354.93,2244.50,22878.04,14759.87,23881.46,9747.06,11096.66,23514.43,38527.36,18720.26,1856.89,17918.48,1715.17,4114.67,16542.48,13117.47,23095.33,19283.44,3923.28,22357.01,33815.20,4191.69,2744.21,3205.03,15843.42,14639.96,15693.90,18708.21,15049.37,16223.22,18019.56,16223.22,14828.38,10843.32,10456.78,11227.16,12037.46,12686.69,19443.27,19450.80,18537.34,17867.53,16927.57Tanjung Pelepas,4722.75,119.91,3274.05,3274.05,4771.20,5610.59,5610.08,3364.35,8475.94,6049.09,18732.82,409.41,3833.69,5858.94,18712.25,18893.37,3684.68,0.00,1741.81,1606.80,18494.22,1087.74,5569.44,6797.67,6132.62,27900.37,17452.62,16752.49,8385.63,11422.31,4174.65,27754.57,18773.46,3411.00,14864.20,17501.06,23496.21,15045.84,13127.22,8316.62,4353.26,15220.18,15145.17,6797.67,6528.75,14812.51,6338.59,33013.43,18924.21,12782.23,23361.74,20018.86,22867.57,5471.33,5441.00,18946.75,4162.60,15963.99,6338.59,18514.80,6132.62,24972.73,16414.55,15722.94,2067.62,19092.56,9085.77,3093.64,23995.88,22831.90,7071.35,4312.12,1693.37,13416.72,4002.05,13865.03,6979.30,22867.57,32426.42,21882.86,4143.76,15963.99,818.82,13195.73,13127.22,19308.85,13455.62,6399.80,22828.14,27566.15,16372.17,19434.69,3364.35,15743.51,5200.67,13387.12,28453.47,21900.95,18472.42,24996.84,27566.15,15545.73,119.91,15374.92,22304.32,14304.05,23307.79,30768.21,28333.56,10262.59,12669.37,18236.79,17911.70,7071.35,5978.85,8986.43,22828.14,29582.36,5611.82,14962.31,14403.89,22498.78,23258.12,2294.17,4543.42,20496.59,11792.87,28453.47,18563.24,14304.05,23595.50,22949.79,17862.03,15385.00,2894.96,27525.00,23222.48,22949.79,19284.69,22422.49,21381.89,10855.60,16012.43,19349.43,25368.35,27144.74,21772.46,27434.24,19936.43,23765.08,26346.50,21411.49,11504.61,24222.42,22304.32,6420.88,23241.82,23094.04,15222.20,21772.46,23549.59,17512.61,19426.40,22839.68,22114.16,22304.32,7208.30,19439.74,5929.18,25176.97,18444.55,27566.15,6881.19,13727.69,27199.11,40826.29,19167.29,3581.81,15052.62,3083.38,1757.55,13676.61,16802.16,24129.87,22968.12,677.10,23391.55,36114.12,987.17,4130.48,1254.87,19528.10,18324.64,19378.58,15842.34,18734.05,19907.90,15153.70,19907.90,18513.06,14528.00,14141.47,14911.84,15722.14,16371.38,23127.95,23135.48,22222.02,21552.21,20612.25Laem Chabang,4800.29,1694.60,3351.58,3351.58,4848.73,5688.12,5687.62,3441.89,8044.73,6126.63,18810.36,1446.25,3911.23,5936.47,18789.78,18970.91,3762.22,1741.81,0.00,1684.34,18571.76,2492.84,5646.98,6875.20,5701.40,27469.16,17021.41,16321.28,7954.42,10991.10,3942.12,27323.35,18851.00,3669.67,14432.99,17069.85,23573.75,14614.62,12696.01,7885.41,4430.80,15297.71,14713.96,6875.20,6606.28,14381.29,6416.13,32582.21,18837.21,14046.84,23439.27,20096.40,22945.11,5548.87,5518.54,19024.29,4240.14,15532.78,6416.13,18592.33,5701.40,25050.27,15983.34,15291.73,3261.99,18935.32,8654.56,2294.17,24073.41,22909.44,6640.14,3582.89,218.02,12985.51,4079.58,13433.82,6548.09,22945.11,31995.21,21960.40,4221.30,15532.78,1036.84,12764.52,12696.01,19386.38,13024.41,6477.34,22905.68,27643.68,15940.96,19512.23,3441.89,15312.30,5278.21,12955.90,28022.26,21978.49,18549.96,25074.37,27643.68,16044.73,1694.60,15873.92,22381.86,13872.83,23385.33,30337.00,27902.35,9831.38,12238.16,17805.58,17480.49,6640.14,6056.39,8555.22,22905.68,29151.15,5689.35,14531.10,13972.68,22576.32,23335.66,1324.60,3942.63,20065.38,11361.66,28022.26,18640.77,13872.83,23164.29,23027.33,17430.82,14953.79,2972.50,27602.54,23300.01,23027.33,19362.22,22500.03,21459.43,12120.22,15581.22,18918.22,24937.14,26713.53,21850.00,27003.02,19505.22,23842.62,25915.28,21489.03,11073.39,23791.21,22381.86,5989.67,23319.36,23171.58,14790.99,21850.00,23627.13,17590.14,19503.94,22917.22,22191.70,22381.86,7285.84,19008.53,6006.72,24745.76,18522.09,27643.68,6449.98,14156.44,27276.65,40395.08,18736.07,4080.81,14621.41,3160.92,2951.92,13245.40,16879.69,23698.65,23045.66,2152.45,22960.34,35682.91,1374.78,4629.48,557.19,19605.64,18402.18,19456.12,15411.13,18811.59,19985.44,14722.49,19985.44,18590.60,14605.54,14219.00,14989.38,15799.68,16448.91,23205.49,23213.02,22299.56,21629.75,20689.79Ho Chi Minh,3802.86,1486.89,2354.15,2354.15,3851.30,4690.69,4690.18,2444.46,9263.93,5129.20,17812.92,2016.21,2913.80,4939.04,17792.35,17973.48,2764.79,1606.80,1684.34,0.00,17574.33,2185.80,4649.54,5877.77,6920.60,28688.36,18240.61,17540.47,9173.62,12210.30,5061.97,28220.43,17853.56,2672.23,15652.19,18289.05,22576.32,15833.82,13915.21,9104.60,3433.37,14300.28,15933.16,5877.77,5608.85,15600.49,5418.69,33479.29,18004.31,13669.55,22441.84,19098.97,21947.68,4551.43,4521.11,18026.85,3242.70,16751.98,5418.69,17594.90,6920.60,24052.84,17202.54,16510.92,2744.21,18172.66,9873.75,3513.36,23075.98,21912.01,7859.33,4802.08,1706.14,14204.71,3082.15,14653.02,7767.29,21947.68,32892.28,20962.96,3223.87,16751.98,1635.90,13983.72,13915.21,18388.95,14243.61,5479.91,21908.25,26646.25,17160.16,18514.80,2444.46,16531.50,4280.77,14175.10,28919.33,20981.06,17552.52,24076.94,26646.25,15047.30,1486.89,14876.49,21384.42,15092.03,22387.90,31234.07,28799.42,11050.57,13457.36,19024.77,18699.69,7859.33,5058.95,9774.41,21908.25,30048.22,4691.92,15750.30,15191.88,21578.89,22338.23,2543.80,5161.82,21284.58,12580.86,28919.33,17643.34,15092.03,24383.48,22029.90,18650.02,16172.99,1975.07,26605.10,22302.58,22029.90,18364.79,21502.60,20461.99,11742.93,16800.42,20137.41,25834.22,27610.60,20852.57,27900.10,20724.42,22845.18,26812.36,20491.60,12292.59,23985.85,21384.42,7208.87,22321.93,22174.15,16010.19,20852.57,22629.70,16592.71,18506.51,21919.79,21194.27,21384.42,6288.41,20227.72,5009.28,25642.83,17524.66,26646.25,7669.18,13159.01,26279.22,41292.15,19955.27,3083.38,15840.61,2163.48,2434.14,14464.60,15882.26,24917.85,22048.22,1845.40,24179.54,36579.99,2113.81,3632.05,1127.15,18608.20,17404.74,18458.69,16630.33,17814.15,18988.01,15941.68,18988.01,17593.16,13608.11,13221.57,13991.95,14802.25,15451.48,22208.06,22215.58,21302.13,20632.32,19692.36Bremerhaven,13970.15,18374.31,15486.64,15486.64,14188.17,13120.50,13976.99,15746.53,13845.02,14246.42,477.92,18903.63,14660.53,13787.34,218.02,767.41,14809.54,18494.22,18571.76,17574.33,0.00,18775.20,14146.57,12529.45,14665.58,18355.02,2994.30,3960.44,13754.71,8644.35,16128.87,12295.79,677.10,15688.34,6795.48,3182.72,10564.65,5020.83,6939.44,11750.04,16945.67,11754.75,5120.17,12529.45,12669.94,18081.34,12789.85,17554.65,798.24,21892.10,9956.56,2012.74,9462.40,13668.65,13319.68,5442.23,14667.82,4400.69,12789.85,1108.31,14665.58,13457.15,3652.11,4779.26,18684.38,966.60,14454.85,18375.83,12143.58,9426.73,13937.58,16727.93,18593.56,6749.28,14688.40,7566.36,14325.18,9462.40,16967.65,8477.68,14350.46,4400.69,18523.32,7376.71,6939.44,916.93,7426.38,15375.31,10545.30,16050.56,4130.03,13701.51,15746.53,4519.37,14208.24,7258.03,12994.70,10968.79,767.41,12380.95,16050.56,19248.06,18374.31,19319.54,8530.88,6467.08,10346.62,15309.44,12874.78,10180.91,7537.27,14711.10,3184.46,13937.58,14076.83,14355.51,10545.30,14123.58,12981.75,6893.59,6098.31,11157.72,10363.67,18985.71,15929.69,5459.28,14664.35,12994.70,1156.76,6467.08,10900.28,10672.00,2584.89,4781.00,16476.